-------------------------------------------------------------
----------------------- !PROPERTIES! ------------------------
-------------------------------------------------------------
# -----------------------------------------------------------
$ PAL_Flags
   description: The PAL Flags
   geom. index: 1
   prop. index: 1
        Diskflag:     2
# -----------------------------------------------------------
$ SCF_Energy
   description: The SCF energy
   geom. index: 1
   prop. index: 1
        SCF Energy:    -2308.2141615295
# -----------------------------------------------------------
$ DFT_Energy
   description: The DFT energy
   geom. index: 1
   prop. index: 1
   Number of Alpha Electrons                144.9999784875 
   Number of Beta  Electrons                144.9999784875 
   Total number of  Electrons               289.9999569750 
   Exchange energy                         -203.0456533684 
   Correlation energy                       -11.7367914323 
   Correlation energy NL                      0.0000000000 
   Exchange-Correlation energy             -214.7824448008 
   Embedding correction                       0.0000000000 
   Total DFT Energy (No VdW correction)   -2308.2141615295 
# -----------------------------------------------------------
$ Mayer_Pop
   description: The Mayer population analysis
   geom. index: 1
   prop. index: 1
     Number of atoms                     : 598
     Threshold for printing              : 0.1000000
     Number of bond orders printed       : 63
  NA   - Mulliken gross atomic population
  ZA   - Total nuclear charge
  QA   - Mulliken gross atomic charge
  VA   - Mayer's total valence
  BVA  - Mayer's bonded valence
  FA   - Mayer's free valence
  ATOM       NA         ZA         QA         VA         BVA        FA
  0   0     6.1887     6.0000    -0.1887     3.7629     3.7629     0.0000
  1   0     0.8412     1.0000     0.1588     0.9711     0.9711     0.0000
  2   0     0.7941     1.0000     0.2059     0.9606     0.9606     0.0000
  3   0     6.2172     6.0000    -0.2172     3.7850     3.7850     0.0000
  4   0     0.8964     1.0000     0.1036     1.0159     1.0159     0.0000
  5   0     0.8224     1.0000     0.1776     0.9776     0.9776     0.0000
  6   0     5.9527     6.0000     0.0473     3.5377     3.5377     0.0000
  7   0     0.9284     1.0000     0.0716     1.0490     1.0490    -0.0000
  8   0     0.7817     1.0000     0.2183     0.9338     0.9338    -0.0000
  9   0     6.2571     6.0000    -0.2571     3.7270     3.7270    -0.0000
 10   0     0.8566     1.0000     0.1434     1.0049     1.0049    -0.0000
 11   0     0.7872     1.0000     0.2128     0.9445     0.9445    -0.0000
 12   0     8.5871     8.0000    -0.5871     1.9221     1.9221    -0.0000
 13   0     0.7794     1.0000     0.2206     0.9927     0.9927     0.0000
 14   0     8.5567     8.0000    -0.5567     1.9243     1.9243     0.0000
 15   0     0.7620     1.0000     0.2380     0.9732     0.9732     0.0000
 16   0     8.5739     8.0000    -0.5739     2.0068     2.0068    -0.0000
 17   0     0.7250     1.0000     0.2750     0.9727     0.9727    -0.0000
 18   0     0.7356     1.0000     0.2644     0.9400     0.9400    -0.0000
 19   0     8.6390     8.0000    -0.6390     1.9742     1.9742     0.0000
 20   0     0.7094     1.0000     0.2906     0.9565     0.9565     0.0000
 21   0     0.6919     1.0000     0.3081     0.8999     0.8999     0.0000
 22   0     8.5838     8.0000    -0.5838     1.9264     1.9264     0.0000
 23   0     0.7543     1.0000     0.2457     0.9838     0.9838    -0.0000
 24   0     0.6681     1.0000     0.3319     0.9020     0.9020     0.0000
 25   0     8.5886     8.0000    -0.5886     1.8509     1.8509     0.0000
 26   0     0.7350     1.0000     0.2650     0.9796     0.9796    -0.0000
 27   0     0.7425     1.0000     0.2575     0.9914     0.9914     0.0000
 28   0     8.5750     8.0000    -0.5750     2.1233     2.1233     0.0000
 29   0     0.7100     1.0000     0.2900     0.9397     0.9397    -0.0000
 30   0     0.7343     1.0000     0.2657     0.9690     0.9690    -0.0000
 31   0     8.5692     8.0000    -0.5692     1.8553     1.8553     0.0000
 32   0     0.7487     1.0000     0.2513     0.9762     0.9762     0.0000
 33   0     0.6853     1.0000     0.3147     0.9308     0.9308     0.0000
 34   0     8.5157     8.0000    -0.5157     1.9356     1.9356    -0.0000
 35   0     0.7259     1.0000     0.2741     0.9574     0.9574    -0.0000
 36   0     0.7260     1.0000     0.2740     0.9718     0.9718     0.0000
 37   0     8.5069     8.0000    -0.5069     1.9314     1.9314    -0.0000
 38   0     0.6883     1.0000     0.3117     0.9655     0.9655    -0.0000
 39   0     0.7796     1.0000     0.2204     1.0087     1.0087     0.0000
 40   0     8.5738     8.0000    -0.5738     1.8297     1.8297    -0.0000
 41   0     0.7472     1.0000     0.2528     0.9882     0.9882     0.0000
 42   0     0.7155     1.0000     0.2845     0.9988     0.9988    -0.0000
 43   0     8.5322     8.0000    -0.5322     1.8563     1.8563     0.0000
 44   0     0.7080     1.0000     0.2920     0.9501     0.9501    -0.0000
 45   0     0.7646     1.0000     0.2354     1.0038     1.0038    -0.0000
 46   0     8.4526     8.0000    -0.4526     1.9089     1.9089    -0.0000
 47   0     0.8198     1.0000     0.1802     1.0222     1.0222     0.0000
 48   0     0.7190     1.0000     0.2810     0.9615     0.9615    -0.0000
 49   0     8.4891     8.0000    -0.4891     1.9751     1.9751     0.0000
 50   0     0.7049     1.0000     0.2951     0.9525     0.9525     0.0000
 51   0     0.8031     1.0000     0.1969     1.0217     1.0217     0.0000
 52   0     8.6442     8.0000    -0.6442     1.8740     1.8740    -0.0000
 53   0     0.6798     1.0000     0.3202     0.9503     0.9503     0.0000
 54   0     0.6662     1.0000     0.3338     0.9333     0.9333     0.0000
 55   0     8.4989     8.0000    -0.4989     1.9011     1.9011    -0.0000
 56   0     0.7471     1.0000     0.2529     0.9691     0.9691     0.0000
 57   0     0.7532     1.0000     0.2468     0.9991     0.9991    -0.0000
 58   0     8.5717     8.0000    -0.5717     1.8682     1.8682    -0.0000
 59   0     0.7053     1.0000     0.2947     0.9373     0.9373    -0.0000
 60   0     0.7070     1.0000     0.2930     0.9751     0.9751    -0.0000
 61   0     8.6085     8.0000    -0.6085     1.9209     1.9209    -0.0000
 62   0     0.7325     1.0000     0.2675     0.9431     0.9431     0.0000
 63   0     0.6219     1.0000     0.3781     0.8805     0.8805    -0.0000
 64   0     8.4297     8.0000    -0.4297     2.0079     2.0079     0.0000
 65   0     0.7836     1.0000     0.2164     0.9999     0.9999     0.0000
 66   0     0.7481     1.0000     0.2519     0.9815     0.9815     0.0000
 67   0     8.5887     8.0000    -0.5887     1.9342     1.9342     0.0000
 68   0     0.6958     1.0000     0.3042     0.9428     0.9428    -0.0000
 69   0     0.6832     1.0000     0.3168     0.9439     0.9439    -0.0000
 70   0     8.5659     8.0000    -0.5659     1.9048     1.9048    -0.0000
 71   0     0.7643     1.0000     0.2357     1.0224     1.0224     0.0000
 72   0     0.6715     1.0000     0.3285     0.9001     0.9001    -0.0000
 73   0     8.5555     8.0000    -0.5555     1.8076     1.8076    -0.0000
 74   0     0.6624     1.0000     0.3376     0.9198     0.9198     0.0000
 75   0     0.7580     1.0000     0.2420     0.9661     0.9661    -0.0000
 76   0     8.5395     8.0000    -0.5395     1.8687     1.8687    -0.0000
 77   0     0.7415     1.0000     0.2585     1.0017     1.0017    -0.0000
 78   0     0.7237     1.0000     0.2763     0.9739     0.9739    -0.0000
 79   0     8.5428     8.0000    -0.5428     1.8830     1.8830     0.0000
 80   0     0.7528     1.0000     0.2472     0.9611     0.9611     0.0000
 81   0     0.6933     1.0000     0.3067     0.9488     0.9488     0.0000
 82   0     8.6035     8.0000    -0.6035     1.8423     1.8423    -0.0000
 83   0     0.6946     1.0000     0.3054     0.9122     0.9122     0.0000
 84   0     0.7070     1.0000     0.2930     0.9697     0.9697     0.0000
 85   0     8.6006     8.0000    -0.6006     1.8797     1.8797    -0.0000
 86   0     0.6791     1.0000     0.3209     0.9040     0.9040     0.0000
 87   0     0.7280     1.0000     0.2720     0.9554     0.9554     0.0000
 88   0     0.0000     0.6645     0.6645     0.0000     0.0000     0.0000
 89   0     0.0000     0.6645     0.6645     0.0000     0.0000     0.0000
 90   0     0.0000    -1.3290    -1.3290     0.0000     0.0000     0.0000
 91   0     0.0000     0.6645     0.6645     0.0000     0.0000     0.0000
 92   0     0.0000     0.6645     0.6645     0.0000     0.0000     0.0000
 93   0     0.0000    -1.3290    -1.3290     0.0000     0.0000     0.0000
 94   0     0.0000     0.6645     0.6645     0.0000     0.0000     0.0000
 95   0     0.0000     0.6645     0.6645     0.0000     0.0000     0.0000
 96   0     0.0000    -1.3290    -1.3290     0.0000     0.0000     0.0000
 97   0     0.0000     0.6645     0.6645     0.0000     0.0000     0.0000
 98   0     0.0000     0.6645     0.6645     0.0000     0.0000     0.0000
 99   0     0.0000    -1.3290    -1.3290     0.0000     0.0000     0.0000
100   0     0.0000     0.6645     0.6645     0.0000     0.0000     0.0000
101   0     0.0000     0.6645     0.6645     0.0000     0.0000     0.0000
102   0     0.0000    -1.3290    -1.3290     0.0000     0.0000     0.0000
103   0     0.0000     0.6645     0.6645     0.0000     0.0000     0.0000
104   0     0.0000     0.6645     0.6645     0.0000     0.0000     0.0000
105   0     0.0000    -1.3290    -1.3290     0.0000     0.0000     0.0000
106   0     0.0000     0.6645     0.6645     0.0000     0.0000     0.0000
107   0     0.0000     0.6645     0.6645     0.0000     0.0000     0.0000
108   0     0.0000    -1.3290    -1.3290     0.0000     0.0000     0.0000
109   0     0.0000     0.6645     0.6645     0.0000     0.0000     0.0000
110   0     0.0000     0.6645     0.6645     0.0000     0.0000     0.0000
111   0     0.0000    -1.3290    -1.3290     0.0000     0.0000     0.0000
112   0     0.0000     0.6645     0.6645     0.0000     0.0000     0.0000
113   0     0.0000     0.6645     0.6645     0.0000     0.0000     0.0000
114   0     0.0000    -1.3290    -1.3290     0.0000     0.0000     0.0000
115   0     0.0000     0.6645     0.6645     0.0000     0.0000     0.0000
116   0     0.0000     0.6645     0.6645     0.0000     0.0000     0.0000
117   0     0.0000    -1.3290    -1.3290     0.0000     0.0000     0.0000
118   0     0.0000     0.6645     0.6645     0.0000     0.0000     0.0000
119   0     0.0000     0.6645     0.6645     0.0000     0.0000     0.0000
120   0     0.0000    -1.3290    -1.3290     0.0000     0.0000     0.0000
121   0     0.0000     0.6645     0.6645     0.0000     0.0000     0.0000
122   0     0.0000     0.6645     0.6645     0.0000     0.0000     0.0000
123   0     0.0000    -1.3290    -1.3290     0.0000     0.0000     0.0000
124   0     0.0000     0.6645     0.6645     0.0000     0.0000     0.0000
125   0     0.0000     0.6645     0.6645     0.0000     0.0000     0.0000
126   0     0.0000    -1.3290    -1.3290     0.0000     0.0000     0.0000
127   0     0.0000     0.6645     0.6645     0.0000     0.0000     0.0000
128   0     0.0000     0.6645     0.6645     0.0000     0.0000     0.0000
129   0     0.0000    -1.3290    -1.3290     0.0000     0.0000     0.0000
130   0     0.0000     0.6645     0.6645     0.0000     0.0000     0.0000
131   0     0.0000     0.6645     0.6645     0.0000     0.0000     0.0000
132   0     0.0000    -1.3290    -1.3290     0.0000     0.0000     0.0000
133   0     0.0000     0.6645     0.6645     0.0000     0.0000     0.0000
134   0     0.0000     0.6645     0.6645     0.0000     0.0000     0.0000
135   0     0.0000    -1.3290    -1.3290     0.0000     0.0000     0.0000
136   0     0.0000     0.6645     0.6645     0.0000     0.0000     0.0000
137   0     0.0000     0.6645     0.6645     0.0000     0.0000     0.0000
138   0     0.0000    -1.3290    -1.3290     0.0000     0.0000     0.0000
139   0     0.0000     0.6645     0.6645     0.0000     0.0000     0.0000
140   0     0.0000     0.6645     0.6645     0.0000     0.0000     0.0000
141   0     0.0000    -1.3290    -1.3290     0.0000     0.0000     0.0000
142   0     0.0000     0.6645     0.6645     0.0000     0.0000     0.0000
143   0     0.0000     0.6645     0.6645     0.0000     0.0000     0.0000
144   0     0.0000    -1.3290    -1.3290     0.0000     0.0000     0.0000
145   0     0.0000     0.6645     0.6645     0.0000     0.0000     0.0000
146   0     0.0000     0.6645     0.6645     0.0000     0.0000     0.0000
147   0     0.0000    -1.3290    -1.3290     0.0000     0.0000     0.0000
148   0     0.0000     0.6645     0.6645     0.0000     0.0000     0.0000
149   0     0.0000     0.6645     0.6645     0.0000     0.0000     0.0000
150   0     0.0000    -1.3290    -1.3290     0.0000     0.0000     0.0000
151   0     0.0000     0.6645     0.6645     0.0000     0.0000     0.0000
152   0     0.0000     0.6645     0.6645     0.0000     0.0000     0.0000
153   0     0.0000    -1.3290    -1.3290     0.0000     0.0000     0.0000
154   0     0.0000     0.6645     0.6645     0.0000     0.0000     0.0000
155   0     0.0000     0.6645     0.6645     0.0000     0.0000     0.0000
156   0     0.0000    -1.3290    -1.3290     0.0000     0.0000     0.0000
157   0     0.0000     0.6645     0.6645     0.0000     0.0000     0.0000
158   0     0.0000     0.6645     0.6645     0.0000     0.0000     0.0000
159   0     0.0000    -1.3290    -1.3290     0.0000     0.0000     0.0000
160   0     0.0000     0.6645     0.6645     0.0000     0.0000     0.0000
161   0     0.0000     0.6645     0.6645     0.0000     0.0000     0.0000
162   0     0.0000    -1.3290    -1.3290     0.0000     0.0000     0.0000
163   0     0.0000     0.6645     0.6645     0.0000     0.0000     0.0000
164   0     0.0000     0.6645     0.6645     0.0000     0.0000     0.0000
165   0     0.0000    -1.3290    -1.3290     0.0000     0.0000     0.0000
166   0     0.0000     0.6645     0.6645     0.0000     0.0000     0.0000
167   0     0.0000     0.6645     0.6645     0.0000     0.0000     0.0000
168   0     0.0000    -1.3290    -1.3290     0.0000     0.0000     0.0000
169   0     0.0000     0.6645     0.6645     0.0000     0.0000     0.0000
170   0     0.0000     0.6645     0.6645     0.0000     0.0000     0.0000
171   0     0.0000    -1.3290    -1.3290     0.0000     0.0000     0.0000
172   0     0.0000     0.6645     0.6645     0.0000     0.0000     0.0000
173   0     0.0000     0.6645     0.6645     0.0000     0.0000     0.0000
174   0     0.0000    -1.3290    -1.3290     0.0000     0.0000     0.0000
175   0     0.0000     0.6645     0.6645     0.0000     0.0000     0.0000
176   0     0.0000     0.6645     0.6645     0.0000     0.0000     0.0000
177   0     0.0000    -1.3290    -1.3290     0.0000     0.0000     0.0000
178   0     0.0000     0.6645     0.6645     0.0000     0.0000     0.0000
179   0     0.0000     0.6645     0.6645     0.0000     0.0000     0.0000
180   0     0.0000    -1.3290    -1.3290     0.0000     0.0000     0.0000
181   0     0.0000     0.6645     0.6645     0.0000     0.0000     0.0000
182   0     0.0000     0.6645     0.6645     0.0000     0.0000     0.0000
183   0     0.0000    -1.3290    -1.3290     0.0000     0.0000     0.0000
184   0     0.0000     0.6645     0.6645     0.0000     0.0000     0.0000
185   0     0.0000     0.6645     0.6645     0.0000     0.0000     0.0000
186   0     0.0000    -1.3290    -1.3290     0.0000     0.0000     0.0000
187   0     0.0000     0.6645     0.6645     0.0000     0.0000     0.0000
188   0     0.0000     0.6645     0.6645     0.0000     0.0000     0.0000
189   0     0.0000    -1.3290    -1.3290     0.0000     0.0000     0.0000
190   0     0.0000     0.6645     0.6645     0.0000     0.0000     0.0000
191   0     0.0000     0.6645     0.6645     0.0000     0.0000     0.0000
192   0     0.0000    -1.3290    -1.3290     0.0000     0.0000     0.0000
193   0     0.0000     0.6645     0.6645     0.0000     0.0000     0.0000
194   0     0.0000     0.6645     0.6645     0.0000     0.0000     0.0000
195   0     0.0000    -1.3290    -1.3290     0.0000     0.0000     0.0000
196   0     0.0000     0.6645     0.6645     0.0000     0.0000     0.0000
197   0     0.0000     0.6645     0.6645     0.0000     0.0000     0.0000
198   0     0.0000    -1.3290    -1.3290     0.0000     0.0000     0.0000
199   0     0.0000     0.6645     0.6645     0.0000     0.0000     0.0000
200   0     0.0000     0.6645     0.6645     0.0000     0.0000     0.0000
201   0     0.0000    -1.3290    -1.3290     0.0000     0.0000     0.0000
202   0     0.0000     0.6645     0.6645     0.0000     0.0000     0.0000
203   0     0.0000     0.6645     0.6645     0.0000     0.0000     0.0000
204   0     0.0000    -1.3290    -1.3290     0.0000     0.0000     0.0000
205   0     0.0000     0.6645     0.6645     0.0000     0.0000     0.0000
206   0     0.0000     0.6645     0.6645     0.0000     0.0000     0.0000
207   0     0.0000    -1.3290    -1.3290     0.0000     0.0000     0.0000
208   0     0.0000     0.6645     0.6645     0.0000     0.0000     0.0000
209   0     0.0000     0.6645     0.6645     0.0000     0.0000     0.0000
210   0     0.0000    -1.3290    -1.3290     0.0000     0.0000     0.0000
211   0     0.0000     0.6645     0.6645     0.0000     0.0000     0.0000
212   0     0.0000     0.6645     0.6645     0.0000     0.0000     0.0000
213   0     0.0000    -1.3290    -1.3290     0.0000     0.0000     0.0000
214   0     0.0000     0.6645     0.6645     0.0000     0.0000     0.0000
215   0     0.0000     0.6645     0.6645     0.0000     0.0000     0.0000
216   0     0.0000    -1.3290    -1.3290     0.0000     0.0000     0.0000
217   0     0.0000     0.6645     0.6645     0.0000     0.0000     0.0000
218   0     0.0000     0.6645     0.6645     0.0000     0.0000     0.0000
219   0     0.0000    -1.3290    -1.3290     0.0000     0.0000     0.0000
220   0     0.0000     0.6645     0.6645     0.0000     0.0000     0.0000
221   0     0.0000     0.6645     0.6645     0.0000     0.0000     0.0000
222   0     0.0000    -1.3290    -1.3290     0.0000     0.0000     0.0000
223   0     0.0000     0.6645     0.6645     0.0000     0.0000     0.0000
224   0     0.0000     0.6645     0.6645     0.0000     0.0000     0.0000
225   0     0.0000    -1.3290    -1.3290     0.0000     0.0000     0.0000
226   0     0.0000     0.6645     0.6645     0.0000     0.0000     0.0000
227   0     0.0000     0.6645     0.6645     0.0000     0.0000     0.0000
228   0     0.0000    -1.3290    -1.3290     0.0000     0.0000     0.0000
229   0     0.0000     0.6645     0.6645     0.0000     0.0000     0.0000
230   0     0.0000     0.6645     0.6645     0.0000     0.0000     0.0000
231   0     0.0000    -1.3290    -1.3290     0.0000     0.0000     0.0000
232   0     0.0000     0.6645     0.6645     0.0000     0.0000     0.0000
233   0     0.0000     0.6645     0.6645     0.0000     0.0000     0.0000
234   0     0.0000    -1.3290    -1.3290     0.0000     0.0000     0.0000
235   0     0.0000     0.6645     0.6645     0.0000     0.0000     0.0000
236   0     0.0000     0.6645     0.6645     0.0000     0.0000     0.0000
237   0     0.0000    -1.3290    -1.3290     0.0000     0.0000     0.0000
238   0     0.0000     0.6645     0.6645     0.0000     0.0000     0.0000
239   0     0.0000     0.6645     0.6645     0.0000     0.0000     0.0000
240   0     0.0000    -1.3290    -1.3290     0.0000     0.0000     0.0000
241   0     0.0000     0.6645     0.6645     0.0000     0.0000     0.0000
242   0     0.0000     0.6645     0.6645     0.0000     0.0000     0.0000
243   0     0.0000    -1.3290    -1.3290     0.0000     0.0000     0.0000
244   0     0.0000     0.6645     0.6645     0.0000     0.0000     0.0000
245   0     0.0000     0.6645     0.6645     0.0000     0.0000     0.0000
246   0     0.0000    -1.3290    -1.3290     0.0000     0.0000     0.0000
247   0     0.0000     0.6645     0.6645     0.0000     0.0000     0.0000
248   0     0.0000     0.6645     0.6645     0.0000     0.0000     0.0000
249   0     0.0000    -1.3290    -1.3290     0.0000     0.0000     0.0000
250   0     0.0000     0.6645     0.6645     0.0000     0.0000     0.0000
251   0     0.0000     0.6645     0.6645     0.0000     0.0000     0.0000
252   0     0.0000    -1.3290    -1.3290     0.0000     0.0000     0.0000
253   0     0.0000     0.6645     0.6645     0.0000     0.0000     0.0000
254   0     0.0000     0.6645     0.6645     0.0000     0.0000     0.0000
255   0     0.0000    -1.3290    -1.3290     0.0000     0.0000     0.0000
256   0     0.0000     0.6645     0.6645     0.0000     0.0000     0.0000
257   0     0.0000     0.6645     0.6645     0.0000     0.0000     0.0000
258   0     0.0000    -1.3290    -1.3290     0.0000     0.0000     0.0000
259   0     0.0000     0.6645     0.6645     0.0000     0.0000     0.0000
260   0     0.0000     0.6645     0.6645     0.0000     0.0000     0.0000
261   0     0.0000    -1.3290    -1.3290     0.0000     0.0000     0.0000
262   0     0.0000     0.6645     0.6645     0.0000     0.0000     0.0000
263   0     0.0000     0.6645     0.6645     0.0000     0.0000     0.0000
264   0     0.0000    -1.3290    -1.3290     0.0000     0.0000     0.0000
265   0     0.0000     0.6645     0.6645     0.0000     0.0000     0.0000
266   0     0.0000     0.6645     0.6645     0.0000     0.0000     0.0000
267   0     0.0000    -1.3290    -1.3290     0.0000     0.0000     0.0000
268   0     0.0000     0.6645     0.6645     0.0000     0.0000     0.0000
269   0     0.0000     0.6645     0.6645     0.0000     0.0000     0.0000
270   0     0.0000    -1.3290    -1.3290     0.0000     0.0000     0.0000
271   0     0.0000     0.6645     0.6645     0.0000     0.0000     0.0000
272   0     0.0000     0.6645     0.6645     0.0000     0.0000     0.0000
273   0     0.0000    -1.3290    -1.3290     0.0000     0.0000     0.0000
274   0     0.0000     0.6645     0.6645     0.0000     0.0000     0.0000
275   0     0.0000     0.6645     0.6645     0.0000     0.0000     0.0000
276   0     0.0000    -1.3290    -1.3290     0.0000     0.0000     0.0000
277   0     0.0000     0.6645     0.6645     0.0000     0.0000     0.0000
278   0     0.0000     0.6645     0.6645     0.0000     0.0000     0.0000
279   0     0.0000    -1.3290    -1.3290     0.0000     0.0000     0.0000
280   0     0.0000     0.6645     0.6645     0.0000     0.0000     0.0000
281   0     0.0000     0.6645     0.6645     0.0000     0.0000     0.0000
282   0     0.0000    -1.3290    -1.3290     0.0000     0.0000     0.0000
283   0     0.0000     0.6645     0.6645     0.0000     0.0000     0.0000
284   0     0.0000     0.6645     0.6645     0.0000     0.0000     0.0000
285   0     0.0000    -1.3290    -1.3290     0.0000     0.0000     0.0000
286   0     0.0000     0.6645     0.6645     0.0000     0.0000     0.0000
287   0     0.0000     0.6645     0.6645     0.0000     0.0000     0.0000
288   0     0.0000    -1.3290    -1.3290     0.0000     0.0000     0.0000
289   0     0.0000     0.6645     0.6645     0.0000     0.0000     0.0000
290   0     0.0000     0.6645     0.6645     0.0000     0.0000     0.0000
291   0     0.0000    -1.3290    -1.3290     0.0000     0.0000     0.0000
292   0     0.0000     0.6645     0.6645     0.0000     0.0000     0.0000
293   0     0.0000     0.6645     0.6645     0.0000     0.0000     0.0000
294   0     0.0000    -1.3290    -1.3290     0.0000     0.0000     0.0000
295   0     0.0000     0.6645     0.6645     0.0000     0.0000     0.0000
296   0     0.0000     0.6645     0.6645     0.0000     0.0000     0.0000
297   0     0.0000    -1.3290    -1.3290     0.0000     0.0000     0.0000
298   0     0.0000     0.6645     0.6645     0.0000     0.0000     0.0000
299   0     0.0000     0.6645     0.6645     0.0000     0.0000     0.0000
300   0     0.0000    -1.3290    -1.3290     0.0000     0.0000     0.0000
301   0     0.0000     0.6645     0.6645     0.0000     0.0000     0.0000
302   0     0.0000     0.6645     0.6645     0.0000     0.0000     0.0000
303   0     0.0000    -1.3290    -1.3290     0.0000     0.0000     0.0000
304   0     0.0000     0.6645     0.6645     0.0000     0.0000     0.0000
305   0     0.0000     0.6645     0.6645     0.0000     0.0000     0.0000
306   0     0.0000    -1.3290    -1.3290     0.0000     0.0000     0.0000
307   0     0.0000     0.6645     0.6645     0.0000     0.0000     0.0000
308   0     0.0000     0.6645     0.6645     0.0000     0.0000     0.0000
309   0     0.0000    -1.3290    -1.3290     0.0000     0.0000     0.0000
310   0     0.0000     0.6645     0.6645     0.0000     0.0000     0.0000
311   0     0.0000     0.6645     0.6645     0.0000     0.0000     0.0000
312   0     0.0000    -1.3290    -1.3290     0.0000     0.0000     0.0000
313   0     0.0000     0.6645     0.6645     0.0000     0.0000     0.0000
314   0     0.0000     0.6645     0.6645     0.0000     0.0000     0.0000
315   0     0.0000    -1.3290    -1.3290     0.0000     0.0000     0.0000
316   0     0.0000     0.6645     0.6645     0.0000     0.0000     0.0000
317   0     0.0000     0.6645     0.6645     0.0000     0.0000     0.0000
318   0     0.0000    -1.3290    -1.3290     0.0000     0.0000     0.0000
319   0     0.0000     0.6645     0.6645     0.0000     0.0000     0.0000
320   0     0.0000     0.6645     0.6645     0.0000     0.0000     0.0000
321   0     0.0000    -1.3290    -1.3290     0.0000     0.0000     0.0000
322   0     0.0000     0.6645     0.6645     0.0000     0.0000     0.0000
323   0     0.0000     0.6645     0.6645     0.0000     0.0000     0.0000
324   0     0.0000    -1.3290    -1.3290     0.0000     0.0000     0.0000
325   0     0.0000     0.6645     0.6645     0.0000     0.0000     0.0000
326   0     0.0000     0.6645     0.6645     0.0000     0.0000     0.0000
327   0     0.0000    -1.3290    -1.3290     0.0000     0.0000     0.0000
328   0     0.0000     0.6645     0.6645     0.0000     0.0000     0.0000
329   0     0.0000     0.6645     0.6645     0.0000     0.0000     0.0000
330   0     0.0000    -1.3290    -1.3290     0.0000     0.0000     0.0000
331   0     0.0000     0.6645     0.6645     0.0000     0.0000     0.0000
332   0     0.0000     0.6645     0.6645     0.0000     0.0000     0.0000
333   0     0.0000    -1.3290    -1.3290     0.0000     0.0000     0.0000
334   0     0.0000     0.6645     0.6645     0.0000     0.0000     0.0000
335   0     0.0000     0.6645     0.6645     0.0000     0.0000     0.0000
336   0     0.0000    -1.3290    -1.3290     0.0000     0.0000     0.0000
337   0     0.0000     0.6645     0.6645     0.0000     0.0000     0.0000
338   0     0.0000     0.6645     0.6645     0.0000     0.0000     0.0000
339   0     0.0000    -1.3290    -1.3290     0.0000     0.0000     0.0000
340   0     0.0000     0.6645     0.6645     0.0000     0.0000     0.0000
341   0     0.0000     0.6645     0.6645     0.0000     0.0000     0.0000
342   0     0.0000    -1.3290    -1.3290     0.0000     0.0000     0.0000
343   0     0.0000     0.6645     0.6645     0.0000     0.0000     0.0000
344   0     0.0000     0.6645     0.6645     0.0000     0.0000     0.0000
345   0     0.0000    -1.3290    -1.3290     0.0000     0.0000     0.0000
346   0     0.0000     0.6645     0.6645     0.0000     0.0000     0.0000
347   0     0.0000     0.6645     0.6645     0.0000     0.0000     0.0000
348   0     0.0000    -1.3290    -1.3290     0.0000     0.0000     0.0000
349   0     0.0000     0.6645     0.6645     0.0000     0.0000     0.0000
350   0     0.0000     0.6645     0.6645     0.0000     0.0000     0.0000
351   0     0.0000    -1.3290    -1.3290     0.0000     0.0000     0.0000
352   0     0.0000     0.6645     0.6645     0.0000     0.0000     0.0000
353   0     0.0000     0.6645     0.6645     0.0000     0.0000     0.0000
354   0     0.0000    -1.3290    -1.3290     0.0000     0.0000     0.0000
355   0     0.0000     0.6645     0.6645     0.0000     0.0000     0.0000
356   0     0.0000     0.6645     0.6645     0.0000     0.0000     0.0000
357   0     0.0000    -1.3290    -1.3290     0.0000     0.0000     0.0000
358   0     0.0000     0.6645     0.6645     0.0000     0.0000     0.0000
359   0     0.0000     0.6645     0.6645     0.0000     0.0000     0.0000
360   0     0.0000    -1.3290    -1.3290     0.0000     0.0000     0.0000
361   0     0.0000     0.6645     0.6645     0.0000     0.0000     0.0000
362   0     0.0000     0.6645     0.6645     0.0000     0.0000     0.0000
363   0     0.0000    -1.3290    -1.3290     0.0000     0.0000     0.0000
364   0     0.0000     0.6645     0.6645     0.0000     0.0000     0.0000
365   0     0.0000     0.6645     0.6645     0.0000     0.0000     0.0000
366   0     0.0000    -1.3290    -1.3290     0.0000     0.0000     0.0000
367   0     0.0000     0.6645     0.6645     0.0000     0.0000     0.0000
368   0     0.0000     0.6645     0.6645     0.0000     0.0000     0.0000
369   0     0.0000    -1.3290    -1.3290     0.0000     0.0000     0.0000
370   0     0.0000     0.6645     0.6645     0.0000     0.0000     0.0000
371   0     0.0000     0.6645     0.6645     0.0000     0.0000     0.0000
372   0     0.0000    -1.3290    -1.3290     0.0000     0.0000     0.0000
373   0     0.0000     0.6645     0.6645     0.0000     0.0000     0.0000
374   0     0.0000     0.6645     0.6645     0.0000     0.0000     0.0000
375   0     0.0000    -1.3290    -1.3290     0.0000     0.0000     0.0000
376   0     0.0000     0.6645     0.6645     0.0000     0.0000     0.0000
377   0     0.0000     0.6645     0.6645     0.0000     0.0000     0.0000
378   0     0.0000    -1.3290    -1.3290     0.0000     0.0000     0.0000
379   0     0.0000     0.6645     0.6645     0.0000     0.0000     0.0000
380   0     0.0000     0.6645     0.6645     0.0000     0.0000     0.0000
381   0     0.0000    -1.3290    -1.3290     0.0000     0.0000     0.0000
382   0     0.0000     0.6645     0.6645     0.0000     0.0000     0.0000
383   0     0.0000     0.6645     0.6645     0.0000     0.0000     0.0000
384   0     0.0000    -1.3290    -1.3290     0.0000     0.0000     0.0000
385   0     0.0000     0.6645     0.6645     0.0000     0.0000     0.0000
386   0     0.0000     0.6645     0.6645     0.0000     0.0000     0.0000
387   0     0.0000    -1.3290    -1.3290     0.0000     0.0000     0.0000
388   0     0.0000     0.6645     0.6645     0.0000     0.0000     0.0000
389   0     0.0000     0.6645     0.6645     0.0000     0.0000     0.0000
390   0     0.0000    -1.3290    -1.3290     0.0000     0.0000     0.0000
391   0     0.0000     0.6645     0.6645     0.0000     0.0000     0.0000
392   0     0.0000     0.6645     0.6645     0.0000     0.0000     0.0000
393   0     0.0000    -1.3290    -1.3290     0.0000     0.0000     0.0000
394   0     0.0000     0.6645     0.6645     0.0000     0.0000     0.0000
395   0     0.0000     0.6645     0.6645     0.0000     0.0000     0.0000
396   0     0.0000    -1.3290    -1.3290     0.0000     0.0000     0.0000
397   0     0.0000     0.6645     0.6645     0.0000     0.0000     0.0000
398   0     0.0000     0.6645     0.6645     0.0000     0.0000     0.0000
399   0     0.0000    -1.3290    -1.3290     0.0000     0.0000     0.0000
400   0     0.0000     0.6645     0.6645     0.0000     0.0000     0.0000
401   0     0.0000     0.6645     0.6645     0.0000     0.0000     0.0000
402   0     0.0000    -1.3290    -1.3290     0.0000     0.0000     0.0000
403   0     0.0000     0.6645     0.6645     0.0000     0.0000     0.0000
404   0     0.0000     0.6645     0.6645     0.0000     0.0000     0.0000
405   0     0.0000    -1.3290    -1.3290     0.0000     0.0000     0.0000
406   0     0.0000     0.6645     0.6645     0.0000     0.0000     0.0000
407   0     0.0000     0.6645     0.6645     0.0000     0.0000     0.0000
408   0     0.0000    -1.3290    -1.3290     0.0000     0.0000     0.0000
409   0     0.0000     0.6645     0.6645     0.0000     0.0000     0.0000
410   0     0.0000     0.6645     0.6645     0.0000     0.0000     0.0000
411   0     0.0000    -1.3290    -1.3290     0.0000     0.0000     0.0000
412   0     0.0000     0.6645     0.6645     0.0000     0.0000     0.0000
413   0     0.0000     0.6645     0.6645     0.0000     0.0000     0.0000
414   0     0.0000    -1.3290    -1.3290     0.0000     0.0000     0.0000
415   0     0.0000     0.6645     0.6645     0.0000     0.0000     0.0000
416   0     0.0000     0.6645     0.6645     0.0000     0.0000     0.0000
417   0     0.0000    -1.3290    -1.3290     0.0000     0.0000     0.0000
418   0     0.0000     0.6645     0.6645     0.0000     0.0000     0.0000
419   0     0.0000     0.6645     0.6645     0.0000     0.0000     0.0000
420   0     0.0000    -1.3290    -1.3290     0.0000     0.0000     0.0000
421   0     0.0000     0.6645     0.6645     0.0000     0.0000     0.0000
422   0     0.0000     0.6645     0.6645     0.0000     0.0000     0.0000
423   0     0.0000    -1.3290    -1.3290     0.0000     0.0000     0.0000
424   0     0.0000     0.6645     0.6645     0.0000     0.0000     0.0000
425   0     0.0000     0.6645     0.6645     0.0000     0.0000     0.0000
426   0     0.0000    -1.3290    -1.3290     0.0000     0.0000     0.0000
427   0     0.0000     0.6645     0.6645     0.0000     0.0000     0.0000
428   0     0.0000     0.6645     0.6645     0.0000     0.0000     0.0000
429   0     0.0000    -1.3290    -1.3290     0.0000     0.0000     0.0000
430   0     0.0000     0.6645     0.6645     0.0000     0.0000     0.0000
431   0     0.0000     0.6645     0.6645     0.0000     0.0000     0.0000
432   0     0.0000    -1.3290    -1.3290     0.0000     0.0000     0.0000
433   0     0.0000     0.6645     0.6645     0.0000     0.0000     0.0000
434   0     0.0000     0.6645     0.6645     0.0000     0.0000     0.0000
435   0     0.0000    -1.3290    -1.3290     0.0000     0.0000     0.0000
436   0     0.0000     0.6645     0.6645     0.0000     0.0000     0.0000
437   0     0.0000     0.6645     0.6645     0.0000     0.0000     0.0000
438   0     0.0000    -1.3290    -1.3290     0.0000     0.0000     0.0000
439   0     0.0000     0.6645     0.6645     0.0000     0.0000     0.0000
440   0     0.0000     0.6645     0.6645     0.0000     0.0000     0.0000
441   0     0.0000    -1.3290    -1.3290     0.0000     0.0000     0.0000
442   0     0.0000     0.6645     0.6645     0.0000     0.0000     0.0000
443   0     0.0000     0.6645     0.6645     0.0000     0.0000     0.0000
444   0     0.0000    -1.3290    -1.3290     0.0000     0.0000     0.0000
445   0     0.0000     0.6645     0.6645     0.0000     0.0000     0.0000
446   0     0.0000     0.6645     0.6645     0.0000     0.0000     0.0000
447   0     0.0000    -1.3290    -1.3290     0.0000     0.0000     0.0000
448   0     0.0000     0.6645     0.6645     0.0000     0.0000     0.0000
449   0     0.0000     0.6645     0.6645     0.0000     0.0000     0.0000
450   0     0.0000    -1.3290    -1.3290     0.0000     0.0000     0.0000
451   0     0.0000     0.6645     0.6645     0.0000     0.0000     0.0000
452   0     0.0000     0.6645     0.6645     0.0000     0.0000     0.0000
453   0     0.0000    -1.3290    -1.3290     0.0000     0.0000     0.0000
454   0     0.0000     0.6645     0.6645     0.0000     0.0000     0.0000
455   0     0.0000     0.6645     0.6645     0.0000     0.0000     0.0000
456   0     0.0000    -1.3290    -1.3290     0.0000     0.0000     0.0000
457   0     0.0000     0.6645     0.6645     0.0000     0.0000     0.0000
458   0     0.0000     0.6645     0.6645     0.0000     0.0000     0.0000
459   0     0.0000    -1.3290    -1.3290     0.0000     0.0000     0.0000
460   0     0.0000     0.6645     0.6645     0.0000     0.0000     0.0000
461   0     0.0000     0.6645     0.6645     0.0000     0.0000     0.0000
462   0     0.0000    -1.3290    -1.3290     0.0000     0.0000     0.0000
463   0     0.0000     0.6645     0.6645     0.0000     0.0000     0.0000
464   0     0.0000     0.6645     0.6645     0.0000     0.0000     0.0000
465   0     0.0000    -1.3290    -1.3290     0.0000     0.0000     0.0000
466   0     0.0000     0.6645     0.6645     0.0000     0.0000     0.0000
467   0     0.0000     0.6645     0.6645     0.0000     0.0000     0.0000
468   0     0.0000    -1.3290    -1.3290     0.0000     0.0000     0.0000
469   0     0.0000     0.6645     0.6645     0.0000     0.0000     0.0000
470   0     0.0000     0.6645     0.6645     0.0000     0.0000     0.0000
471   0     0.0000    -1.3290    -1.3290     0.0000     0.0000     0.0000
472   0     0.0000     0.6645     0.6645     0.0000     0.0000     0.0000
473   0     0.0000     0.6645     0.6645     0.0000     0.0000     0.0000
474   0     0.0000    -1.3290    -1.3290     0.0000     0.0000     0.0000
475   0     0.0000     0.6645     0.6645     0.0000     0.0000     0.0000
476   0     0.0000     0.6645     0.6645     0.0000     0.0000     0.0000
477   0     0.0000    -1.3290    -1.3290     0.0000     0.0000     0.0000
478   0     0.0000     0.6645     0.6645     0.0000     0.0000     0.0000
479   0     0.0000     0.6645     0.6645     0.0000     0.0000     0.0000
480   0     0.0000    -1.3290    -1.3290     0.0000     0.0000     0.0000
481   0     0.0000     0.6645     0.6645     0.0000     0.0000     0.0000
482   0     0.0000     0.6645     0.6645     0.0000     0.0000     0.0000
483   0     0.0000    -1.3290    -1.3290     0.0000     0.0000     0.0000
484   0     0.0000     0.6645     0.6645     0.0000     0.0000     0.0000
485   0     0.0000     0.6645     0.6645     0.0000     0.0000     0.0000
486   0     0.0000    -1.3290    -1.3290     0.0000     0.0000     0.0000
487   0     0.0000     0.6645     0.6645     0.0000     0.0000     0.0000
488   0     0.0000     0.6645     0.6645     0.0000     0.0000     0.0000
489   0     0.0000    -1.3290    -1.3290     0.0000     0.0000     0.0000
490   0     0.0000     0.6645     0.6645     0.0000     0.0000     0.0000
491   0     0.0000     0.6645     0.6645     0.0000     0.0000     0.0000
492   0     0.0000    -1.3290    -1.3290     0.0000     0.0000     0.0000
493   0     0.0000     0.6645     0.6645     0.0000     0.0000     0.0000
494   0     0.0000     0.6645     0.6645     0.0000     0.0000     0.0000
495   0     0.0000    -1.3290    -1.3290     0.0000     0.0000     0.0000
496   0     0.0000     0.6645     0.6645     0.0000     0.0000     0.0000
497   0     0.0000     0.6645     0.6645     0.0000     0.0000     0.0000
498   0     0.0000    -1.3290    -1.3290     0.0000     0.0000     0.0000
499   0     0.0000     0.6645     0.6645     0.0000     0.0000     0.0000
500   0     0.0000     0.6645     0.6645     0.0000     0.0000     0.0000
501   0     0.0000    -1.3290    -1.3290     0.0000     0.0000     0.0000
502   0     0.0000     0.6645     0.6645     0.0000     0.0000     0.0000
503   0     0.0000     0.6645     0.6645     0.0000     0.0000     0.0000
504   0     0.0000    -1.3290    -1.3290     0.0000     0.0000     0.0000
505   0     0.0000     0.6645     0.6645     0.0000     0.0000     0.0000
506   0     0.0000     0.6645     0.6645     0.0000     0.0000     0.0000
507   0     0.0000    -1.3290    -1.3290     0.0000     0.0000     0.0000
508   0     0.0000     0.6645     0.6645     0.0000     0.0000     0.0000
509   0     0.0000     0.6645     0.6645     0.0000     0.0000     0.0000
510   0     0.0000    -1.3290    -1.3290     0.0000     0.0000     0.0000
511   0     0.0000     0.6645     0.6645     0.0000     0.0000     0.0000
512   0     0.0000     0.6645     0.6645     0.0000     0.0000     0.0000
513   0     0.0000    -1.3290    -1.3290     0.0000     0.0000     0.0000
514   0     0.0000     0.6645     0.6645     0.0000     0.0000     0.0000
515   0     0.0000     0.6645     0.6645     0.0000     0.0000     0.0000
516   0     0.0000    -1.3290    -1.3290     0.0000     0.0000     0.0000
517   0     0.0000     0.6645     0.6645     0.0000     0.0000     0.0000
518   0     0.0000     0.6645     0.6645     0.0000     0.0000     0.0000
519   0     0.0000    -1.3290    -1.3290     0.0000     0.0000     0.0000
520   0     0.0000     0.6645     0.6645     0.0000     0.0000     0.0000
521   0     0.0000     0.6645     0.6645     0.0000     0.0000     0.0000
522   0     0.0000    -1.3290    -1.3290     0.0000     0.0000     0.0000
523   0     0.0000     0.6645     0.6645     0.0000     0.0000     0.0000
524   0     0.0000     0.6645     0.6645     0.0000     0.0000     0.0000
525   0     0.0000    -1.3290    -1.3290     0.0000     0.0000     0.0000
526   0     0.0000     0.6645     0.6645     0.0000     0.0000     0.0000
527   0     0.0000     0.6645     0.6645     0.0000     0.0000     0.0000
528   0     0.0000    -1.3290    -1.3290     0.0000     0.0000     0.0000
529   0     0.0000     0.6645     0.6645     0.0000     0.0000     0.0000
530   0     0.0000     0.6645     0.6645     0.0000     0.0000     0.0000
531   0     0.0000    -1.3290    -1.3290     0.0000     0.0000     0.0000
532   0     0.0000     0.6645     0.6645     0.0000     0.0000     0.0000
533   0     0.0000     0.6645     0.6645     0.0000     0.0000     0.0000
534   0     0.0000    -1.3290    -1.3290     0.0000     0.0000     0.0000
535   0     0.0000     0.6645     0.6645     0.0000     0.0000     0.0000
536   0     0.0000     0.6645     0.6645     0.0000     0.0000     0.0000
537   0     0.0000    -1.3290    -1.3290     0.0000     0.0000     0.0000
538   0     0.0000     0.6645     0.6645     0.0000     0.0000     0.0000
539   0     0.0000     0.6645     0.6645     0.0000     0.0000     0.0000
540   0     0.0000    -1.3290    -1.3290     0.0000     0.0000     0.0000
541   0     0.0000     0.6645     0.6645     0.0000     0.0000     0.0000
542   0     0.0000     0.6645     0.6645     0.0000     0.0000     0.0000
543   0     0.0000    -1.3290    -1.3290     0.0000     0.0000     0.0000
544   0     0.0000     0.6645     0.6645     0.0000     0.0000     0.0000
545   0     0.0000     0.6645     0.6645     0.0000     0.0000     0.0000
546   0     0.0000    -1.3290    -1.3290     0.0000     0.0000     0.0000
547   0     0.0000     0.6645     0.6645     0.0000     0.0000     0.0000
548   0     0.0000     0.6645     0.6645     0.0000     0.0000     0.0000
549   0     0.0000    -1.3290    -1.3290     0.0000     0.0000     0.0000
550   0     0.0000     0.6645     0.6645     0.0000     0.0000     0.0000
551   0     0.0000     0.6645     0.6645     0.0000     0.0000     0.0000
552   0     0.0000    -1.3290    -1.3290     0.0000     0.0000     0.0000
553   0     0.0000     0.6645     0.6645     0.0000     0.0000     0.0000
554   0     0.0000     0.6645     0.6645     0.0000     0.0000     0.0000
555   0     0.0000    -1.3290    -1.3290     0.0000     0.0000     0.0000
556   0     0.0000     0.6645     0.6645     0.0000     0.0000     0.0000
557   0     0.0000     0.6645     0.6645     0.0000     0.0000     0.0000
558   0     0.0000    -1.3290    -1.3290     0.0000     0.0000     0.0000
559   0     0.0000     0.6645     0.6645     0.0000     0.0000     0.0000
560   0     0.0000     0.6645     0.6645     0.0000     0.0000     0.0000
561   0     0.0000    -1.3290    -1.3290     0.0000     0.0000     0.0000
562   0     0.0000     0.6645     0.6645     0.0000     0.0000     0.0000
563   0     0.0000     0.6645     0.6645     0.0000     0.0000     0.0000
564   0     0.0000    -1.3290    -1.3290     0.0000     0.0000     0.0000
565   0     0.0000     0.6645     0.6645     0.0000     0.0000     0.0000
566   0     0.0000     0.6645     0.6645     0.0000     0.0000     0.0000
567   0     0.0000    -1.3290    -1.3290     0.0000     0.0000     0.0000
568   0     0.0000     0.6645     0.6645     0.0000     0.0000     0.0000
569   0     0.0000     0.6645     0.6645     0.0000     0.0000     0.0000
570   0     0.0000    -1.3290    -1.3290     0.0000     0.0000     0.0000
571   0     0.0000     0.6645     0.6645     0.0000     0.0000     0.0000
572   0     0.0000     0.6645     0.6645     0.0000     0.0000     0.0000
573   0     0.0000    -1.3290    -1.3290     0.0000     0.0000     0.0000
574   0     0.0000     0.6645     0.6645     0.0000     0.0000     0.0000
575   0     0.0000     0.6645     0.6645     0.0000     0.0000     0.0000
576   0     0.0000    -1.3290    -1.3290     0.0000     0.0000     0.0000
577   0     0.0000     0.6645     0.6645     0.0000     0.0000     0.0000
578   0     0.0000     0.6645     0.6645     0.0000     0.0000     0.0000
579   0     0.0000    -1.3290    -1.3290     0.0000     0.0000     0.0000
580   0     0.0000     0.6645     0.6645     0.0000     0.0000     0.0000
581   0     0.0000     0.6645     0.6645     0.0000     0.0000     0.0000
582   0     0.0000    -1.3290    -1.3290     0.0000     0.0000     0.0000
583   0     0.0000     0.6645     0.6645     0.0000     0.0000     0.0000
584   0     0.0000     0.6645     0.6645     0.0000     0.0000     0.0000
585   0     0.0000    -1.3290    -1.3290     0.0000     0.0000     0.0000
586   0     0.0000     0.6645     0.6645     0.0000     0.0000     0.0000
587   0     0.0000     0.6645     0.6645     0.0000     0.0000     0.0000
588   0     0.0000    -1.3290    -1.3290     0.0000     0.0000     0.0000
589   0     0.0000     0.6645     0.6645     0.0000     0.0000     0.0000
590   0     0.0000     0.6645     0.6645     0.0000     0.0000     0.0000
591   0     0.0000    -1.3290    -1.3290     0.0000     0.0000     0.0000
592   0     0.0000     0.6645     0.6645     0.0000     0.0000     0.0000
593   0     0.0000     0.6645     0.6645     0.0000     0.0000     0.0000
594   0     0.0000    -1.3290    -1.3290     0.0000     0.0000     0.0000
595   0     0.0000     0.6645     0.6645     0.0000     0.0000     0.0000
596   0     0.0000     0.6645     0.6645     0.0000     0.0000     0.0000
597   0     0.0000    -1.3290    -1.3290     0.0000     0.0000     0.0000
      Bond orders larger than 0.1000000
           Atom A     A.N. of A          Atom B    A.N. of B              Bond order
                0             6               1            1                1.013403
                0             6               2            1                0.965361
                0             6               3            6                0.858228
                0             6              14            8                0.890349
                3             6               4            1                1.039351
                3             6               5            1                0.961822
                3             6               6            6                0.855819
                6             6               7            1                1.020478
                6             6               8            1                0.930261
                6             6               9            6                0.776491
                9             6              10            1                1.009567
                9             6              11            1                0.989518
                9             6              12            8                0.830134
               12             8              13            1                0.963129
               14             8              15            1                0.952769
               16             8              17            1                0.924196
               16             8              18            1                0.916631
               19             8              20            1                0.932631
               19             8              21            1                0.882079
               22             8              23            1                0.962772
               22             8              24            1                0.862745
               25             8              26            1                0.904878
               25             8              27            1                0.926271
               28             8              29            1                0.928963
               28             8              30            1                0.957897
               31             8              32            1                0.932267
               31             8              33            1                0.920860
               34             8              35            1                0.934118
               34             8              36            1                0.955847
               37             8              38            1                0.904593
               37             8              39            1                0.995848
               40             8              41            1                0.914294
               40             8              42            1                0.930900
               43             8              44            1                0.937654
               43             8              45            1                0.900842
               46             8              47            1                0.948321
               46             8              48            1                0.952157
               49             8              50            1                0.898567
               49             8              51            1                1.006094
               52             8              53            1                0.944189
               52             8              54            1                0.926727
               55             8              56            1                0.957725
               55             8              57            1                0.925962
               58             8              59            1                0.927070
               58             8              60            1                0.865713
               61             8              62            1                0.939484
               61             8              63            1                0.888027
               64             8              65            1                0.985513
               64             8              66            1                0.973489
               67             8              68            1                0.930017
               67             8              69            1                0.933598
               70             8              71            1                0.990178
               70             8              72            1                0.842830
               73             8              74            1                0.896762
               73             8              75            1                0.904776
               76             8              77            1                0.915812
               76             8              78            1                0.954821
               79             8              80            1                0.942567
               79             8              81            1                0.939807
               82             8              83            1                0.902740
               82             8              84            1                0.911483
               85             8              86            1                0.860057
               85             8              87            1                0.945625
# -----------------------------------------------------------
$ SCF_Electric_Properties
   description: The SCF Calculated Electric Properties
   geom. index: 1
   prop. index: 1
       Filename                          : final028.orca.scfp 
       Do Dipole Moment Calculation      : true 
       Do Quadrupole Moment Calculation  : false 
       Do Polarizability Calculation     : false 
** Dipole moment part of electric properties **
        Magnitude of dipole moment (Debye) :       41.1110353155
        Electronic Contribution:
                  0    
      0      -0.963721
      1      -1.260119
      2       0.756495
        Nuclear Contribution:
                  0    
      0       9.799532
      1      -6.539160
      2      10.320414
        Total Dipole moment:
                  0    
      0       8.835810
      1      -7.799279
      2      11.076909
# -------------------------------------------------------------
----------------------- !GEOMETRIES! ------------------------
# -------------------------------------------------------------
------------------------ !GEOMETRY! -------------------------
    Number of atoms:    598 
    Geometry Index:     1 
    Coordinates:
               0 C     11.340000000000   10.290000000000    8.910000000000
               1 H     12.310000000000   10.170000000000    8.310000000000
               2 H     10.450000000000   10.430000000000    8.340000000000
               3 C     11.540000000000   11.450000000000    9.910000000000
               4 H     12.450000000000   11.300000000000   10.480000000000
               5 H     11.820000000000   12.380000000000    9.320000000000
               6 C     10.340000000000   11.710000000000   10.850000000000
               7 H     10.120000000000   10.810000000000   11.360000000000
               8 H      9.520000000000   12.210000000000   10.300000000000
               9 C     10.730000000000   12.710000000000   11.920000000000
              10 H     11.240000000000   13.610000000000   11.440000000000
              11 H     11.440000000000   12.270000000000   12.630000000000
              12 O      9.600000000000   13.330000000000   12.680000000000
              13 H      9.690000000000   13.230000000000   13.650000000000
              14 O     11.140000000000    9.100000000000    9.690000000000
              15 H     10.980000000000    8.350000000000    9.110000000000
              16 O     10.640000000000    7.690000000000    7.450000000000
              17 H     10.180000000000    6.890000000000    7.800000000000
              18 H      9.960000000000    8.370000000000    7.500000000000
              19 O      8.990000000000   16.290000000000   12.480000000000
              20 H      9.660000000000   16.480000000000   13.130000000000
              21 H      9.140000000000   15.330000000000   12.460000000000
              22 O     11.400000000000    8.740000000000   12.450000000000
              23 H     11.190000000000    7.810000000000   12.750000000000
              24 H     11.140000000000    8.820000000000   11.510000000000
              25 O      8.240000000000    9.680000000000    7.330000000000
              26 H      7.430000000000   10.270000000000    7.310000000000
              27 H      8.050000000000    9.160000000000    6.520000000000
              28 O      7.180000000000   12.380000000000   11.140000000000
              29 H      7.000000000000   13.180000000000   10.610000000000
              30 H      7.970000000000   12.560000000000   11.640000000000
              31 O     12.520000000000    6.360000000000    5.890000000000
              32 H     12.260000000000    6.950000000000    6.560000000000
              33 H     12.540000000000    5.410000000000    6.120000000000
              34 O      8.120000000000   14.020000000000    8.430000000000
              35 H      7.490000000000   14.710000000000    8.730000000000
              36 H      8.920000000000   14.520000000000    8.250000000000
              37 O      5.990000000000   10.460000000000    9.030000000000
              38 H      6.730000000000   11.010000000000    9.440000000000
              39 H      5.310000000000   11.080000000000    8.840000000000
              40 O     10.230000000000   17.270000000000   10.010000000000
              41 H     10.950000000000   16.680000000000   10.140000000000
              42 H      9.620000000000   17.110000000000   10.750000000000
              43 O      7.570000000000    8.260000000000    4.760000000000
              44 H      6.770000000000    7.740000000000    4.870000000000
              45 H      8.330000000000    7.700000000000    4.720000000000
              46 O      5.800000000000   14.750000000000    9.970000000000
              47 H      4.920000000000   14.660000000000   10.360000000000
              48 H      6.010000000000   15.590000000000   10.440000000000
              49 O     10.260000000000   12.130000000000   15.090000000000
              50 H     10.960000000000   11.430000000000   14.980000000000
              51 H      9.460000000000   11.640000000000   14.980000000000
              52 O     11.710000000000    5.800000000000   13.860000000000
              53 H     10.940000000000    5.220000000000   13.890000000000
              54 H     12.430000000000    5.170000000000   13.670000000000
              55 O      5.980000000000   11.830000000000   13.370000000000
              56 H      6.070000000000   12.760000000000   13.350000000000
              57 H      6.070000000000   11.620000000000   12.430000000000
              58 O     10.040000000000    7.330000000000    4.710000000000
              59 H     10.130000000000    6.390000000000    4.550000000000
              60 H     10.240000000000    7.390000000000    5.660000000000
              61 O     11.020000000000   16.460000000000   14.220000000000
              62 H     11.760000000000   15.860000000000   14.110000000000
              63 H     11.320000000000   17.250000000000   13.660000000000
              64 O     10.330000000000    5.380000000000    8.770000000000
              65 H     10.080000000000    4.530000000000    8.390000000000
              66 H     11.230000000000    5.350000000000    8.960000000000
              67 O     12.720000000000   16.220000000000   10.860000000000
              68 H     13.370000000000   15.570000000000   10.570000000000
              69 H     12.620000000000   15.810000000000   11.770000000000
              70 O      9.790000000000   12.010000000000    6.910000000000
              71 H      9.170000000000   12.630000000000    7.280000000000
              72 H      9.470000000000   11.090000000000    7.070000000000
              73 O      6.060000000000   11.790000000000    6.420000000000
              74 H      6.460000000000   11.380000000000    5.610000000000
              75 H      6.650000000000   12.330000000000    6.940000000000
              76 O      3.910000000000   12.950000000000   11.150000000000
              77 H      4.870000000000   13.080000000000   11.340000000000
              78 H      3.410000000000   13.160000000000   11.920000000000
              79 O      8.320000000000   19.050000000000   11.970000000000
              80 H      7.910000000000   18.250000000000   12.160000000000
              81 H      7.760000000000   19.480000000000   11.280000000000
              82 O     14.400000000000    9.060000000000   12.310000000000
              83 H     14.660000000000    9.180000000000   11.430000000000
              84 H     13.470000000000    8.780000000000   12.300000000000
              85 O     12.550000000000   10.100000000000   14.570000000000
              86 H     12.100000000000    9.590000000000   13.870000000000
              87 H     12.630000000000    9.570000000000   15.360000000000
              88 Q     13.050000000000   13.130000000000    0.720000000000
              89 Q     11.450000000000   12.880000000000    0.790000000000
              90 Q     12.230000000000   13.180000000000    1.040000000000
              91 Q     11.240000000000    2.120000000000    3.610000000000
              92 Q     10.390000000000    2.510000000000    2.470000000000
              93 Q     10.510000000000    2.190000000000    3.250000000000
              94 Q     10.800000000000   16.190000000000    7.190000000000
              95 Q      9.920000000000   16.490000000000    8.370000000000
              96 Q     10.090000000000   16.190000000000    7.600000000000
              97 Q     15.830000000000   12.720000000000    7.500000000000
              98 Q     15.660000000000   11.270000000000    8.010000000000
              99 Q     15.440000000000   11.970000000000    7.620000000000
             100 Q      3.970000000000   17.400000000000   14.490000000000
             101 Q      3.410000000000   18.790000000000   14.470000000000
             102 Q      3.430000000000   18.000000000000   14.230000000000
             103 Q     13.240000000000    7.540000000000   16.460000000000
             104 Q     12.170000000000    6.930000000000   15.420000000000
             105 Q     12.480000000000    7.410000000000   16.080000000000
             106 Q     15.750000000000    6.410000000000   17.980000000000
             107 Q     15.340000000000    6.670000000000   16.470000000000
             108 Q     15.190000000000    6.590000000000   17.310000000000
             109 Q     13.270000000000    6.260000000000    2.930000000000
             110 Q     14.010000000000    5.860000000000    1.680000000000
             111 Q     13.910000000000    5.970000000000    2.500000000000
             112 Q     13.850000000000   17.640000000000   10.550000000000
             113 Q     14.870000000000   18.240000000000   11.340000000000
             114 Q     14.580000000000   17.980000000000   10.630000000000
             115 Q     18.520000000000   12.090000000000    3.150000000000
             116 Q     19.220000000000   10.900000000000    2.680000000000
             117 Q     19.010000000000   11.670000000000    2.630000000000
             118 Q      8.570000000000   20.090000000000    7.440000000000
             119 Q      7.190000000000   20.140000000000    6.660000000000
             120 Q      7.960000000000   19.850000000000    6.920000000000
             121 Q     15.200000000000   14.560000000000    8.870000000000
             122 Q     15.080000000000   13.630000000000   10.100000000000
             123 Q     14.890000000000   14.310000000000    9.630000000000
             124 Q      5.310000000000   19.990000000000    8.560000000000
             125 Q      4.050000000000   19.720000000000    7.650000000000
             126 Q      4.630000000000   20.180000000000    8.080000000000
             127 Q      5.570000000000   16.880000000000   19.180000000000
             128 Q      4.440000000000   16.470000000000   18.290000000000
             129 Q      5.220000000000   16.630000000000   18.450000000000
             130 Q     14.200000000000   11.120000000000   13.160000000000
             131 Q     15.190000000000   12.010000000000   13.950000000000
             132 Q     14.740000000000   11.750000000000   13.290000000000
             133 Q      7.780000000000    8.610000000000   14.080000000000
             134 Q      8.190000000000    8.650000000000   12.630000000000
             135 Q      7.640000000000    8.670000000000   13.250000000000
             136 Q      1.990000000000    8.200000000000   12.940000000000
             137 Q      3.290000000000    8.520000000000   12.270000000000
             138 Q      2.520000000000    8.670000000000   12.480000000000
             139 Q      8.590000000000    3.980000000000   12.580000000000
             140 Q      7.750000000000    3.670000000000   11.460000000000
             141 Q      8.420000000000    3.520000000000   11.930000000000
             142 Q      8.780000000000   18.300000000000   19.950000000000
             143 Q      9.210000000000   18.370000000000   21.610000000000
             144 Q      8.690000000000   18.330000000000   20.850000000000
             145 Q      3.450000000000   18.030000000000    9.550000000000
             146 Q      4.620000000000   17.450000000000    8.730000000000
             147 Q      3.870000000000   17.430000000000    9.120000000000
             148 Q     17.960000000000    9.340000000000    8.820000000000
             149 Q     18.030000000000   10.820000000000    8.860000000000
             150 Q     17.720000000000   10.120000000000    8.600000000000
             151 Q      9.060000000000    4.800000000000   14.920000000000
             152 Q      9.740000000000    3.460000000000   14.630000000000
             153 Q      9.420000000000    4.220000000000   14.430000000000
             154 Q     15.320000000000    5.570000000000    3.750000000000
             155 Q     16.890000000000    5.360000000000    3.670000000000
             156 Q     16.130000000000    5.420000000000    4.080000000000
             157 Q     14.070000000000   14.730000000000    3.160000000000
             158 Q     14.130000000000   14.050000000000    4.490000000000
             159 Q     14.410000000000   14.200000000000    3.720000000000
             160 Q     14.940000000000    3.000000000000    9.010000000000
             161 Q     13.920000000000    3.610000000000    8.070000000000
             162 Q     14.560000000000    3.650000000000    8.570000000000
             163 Q      7.620000000000    7.470000000000   10.330000000000
             164 Q      8.690000000000    6.500000000000   10.120000000000
             165 Q      8.210000000000    6.970000000000   10.570000000000
             166 Q     15.740000000000    7.620000000000   11.790000000000
             167 Q     16.740000000000    7.390000000000   12.890000000000
             168 Q     16.340000000000    7.190000000000   12.180000000000
             169 Q      3.820000000000    9.530000000000    3.850000000000
             170 Q      3.440000000000    9.320000000000    2.320000000000
             171 Q      3.920000000000    9.310000000000    3.010000000000
             172 Q      6.580000000000   19.790000000000   15.370000000000
             173 Q      7.240000000000   19.360000000000   14.150000000000
             174 Q      6.920000000000   19.230000000000   14.860000000000
             175 Q     15.950000000000    7.970000000000   14.830000000000
             176 Q     14.510000000000    8.400000000000   14.400000000000
             177 Q     15.120000000000    8.110000000000   14.920000000000
             178 Q      6.030000000000    4.680000000000   11.660000000000
             179 Q      7.060000000000    5.950000000000   11.750000000000
             180 Q      6.580000000000    5.260000000000   12.040000000000
             181 Q      9.400000000000   13.950000000000   18.500000000000
             182 Q      8.480000000000   15.090000000000   18.800000000000
             183 Q      8.760000000000   14.330000000000   18.900000000000
             184 Q      2.610000000000    8.080000000000    8.870000000000
             185 Q      2.110000000000    8.590000000000   10.340000000000
             186 Q      2.070000000000    8.420000000000    9.460000000000
             187 Q      7.120000000000   11.740000000000   20.660000000000
             188 Q      7.460000000000   13.020000000000   19.910000000000
             189 Q      6.960000000000   12.490000000000   20.320000000000
             190 Q      7.150000000000    9.800000000000   18.410000000000
             191 Q      5.870000000000    8.960000000000   18.180000000000
             192 Q      6.580000000000    9.360000000000   17.950000000000
             193 Q     14.210000000000   12.550000000000   20.380000000000
             194 Q     14.500000000000   11.820000000000   21.780000000000
             195 Q     14.350000000000   12.490000000000   21.220000000000
             196 Q      5.810000000000   18.670000000000   10.430000000000
             197 Q      5.330000000000   20.130000000000   10.660000000000
             198 Q      5.810000000000   19.510000000000   10.340000000000
             199 Q      1.940000000000    6.120000000000   14.060000000000
             200 Q      3.390000000000    6.050000000000   14.550000000000
             201 Q      2.700000000000    5.770000000000   14.110000000000
             202 Q     15.100000000000    7.410000000000    6.990000000000
             203 Q     14.670000000000    8.760000000000    6.370000000000
             204 Q     14.730000000000    8.180000000000    6.980000000000
             205 Q     15.570000000000    1.210000000000   10.670000000000
             206 Q     14.730000000000    0.400000000000    9.690000000000
             207 Q     15.170000000000    1.060000000000    9.930000000000
             208 Q     17.290000000000   14.560000000000    7.340000000000
             209 Q     16.160000000000   15.530000000000    6.920000000000
             210 Q     16.510000000000   14.870000000000    7.320000000000
             211 Q     10.720000000000   20.430000000000    8.330000000000
             212 Q     10.320000000000   19.310000000000    9.430000000000
             213 Q     10.210000000000   19.960000000000    8.840000000000
             214 Q     19.240000000000    8.460000000000   11.430000000000
             215 Q     18.020000000000    7.560000000000   10.940000000000
             216 Q     18.770000000000    7.970000000000   10.900000000000
             217 Q     11.480000000000   10.630000000000   22.200000000000
             218 Q     10.020000000000   10.940000000000   21.680000000000
             219 Q     10.900000000000   10.970000000000   21.680000000000
             220 Q     16.070000000000    3.710000000000    4.610000000000
             221 Q     14.990000000000    2.590000000000    4.540000000000
             222 Q     15.750000000000    2.960000000000    4.420000000000
             223 Q      2.700000000000   11.510000000000   17.250000000000
             224 Q      3.250000000000   10.600000000000   16.180000000000
             225 Q      2.700000000000   11.190000000000   16.510000000000
             226 Q     14.070000000000   14.300000000000   13.280000000000
             227 Q     14.090000000000   15.730000000000   13.530000000000
             228 Q     13.710000000000   15.010000000000   13.370000000000
             229 Q     13.970000000000   16.480000000000   17.720000000000
             230 Q     15.080000000000   17.560000000000   17.880000000000
             231 Q     14.380000000000   17.230000000000   17.580000000000
             232 Q     20.790000000000   12.020000000000   12.920000000000
             233 Q     19.610000000000   12.990000000000   13.240000000000
             234 Q     20.140000000000   12.350000000000   13.390000000000
             235 Q     12.750000000000    3.080000000000    5.640000000000
             236 Q     11.640000000000    3.220000000000    6.780000000000
             237 Q     12.350000000000    3.400000000000    6.320000000000
             238 Q     20.400000000000    7.720000000000    9.620000000000
             239 Q     21.950000000000    8.120000000000    9.330000000000
             240 Q     21.150000000000    7.810000000000    9.150000000000
             241 Q     12.380000000000    8.950000000000    1.470000000000
             242 Q     12.240000000000    9.740000000000    2.690000000000
             243 Q     12.130000000000    9.640000000000    1.870000000000
             244 Q     16.630000000000    9.720000000000   21.060000000000
             245 Q     15.760000000000    9.060000000000   22.150000000000
             246 Q     16.410000000000    9.060000000000   21.570000000000
             247 Q      3.200000000000   15.550000000000    9.080000000000
             248 Q      2.840000000000   14.110000000000    9.610000000000
             249 Q      2.910000000000   14.760000000000    9.000000000000
             250 Q      7.180000000000   17.580000000000    7.750000000000
             251 Q      6.040000000000   16.910000000000    7.000000000000
             252 Q      6.580000000000   17.020000000000    7.630000000000
             253 Q      9.800000000000    8.260000000000    2.990000000000
             254 Q     10.280000000000    9.140000000000    1.790000000000
             255 Q      9.800000000000    8.500000000000    2.150000000000
             256 Q     13.510000000000    1.310000000000    3.790000000000
             257 Q     13.300000000000    2.820000000000    3.090000000000
             258 Q     13.280000000000    2.190000000000    3.750000000000
             259 Q     16.110000000000    5.110000000000   12.110000000000
             260 Q     17.110000000000    4.000000000000   12.000000000000
             261 Q     16.410000000000    4.330000000000   12.230000000000
             262 Q      5.840000000000    3.070000000000    9.760000000000
             263 Q      4.770000000000    3.200000000000   10.790000000000
             264 Q      5.430000000000    3.450000000000   10.380000000000
             265 Q     10.480000000000   21.880000000000   13.350000000000
             266 Q     11.790000000000   22.180000000000   14.040000000000
             267 Q     11.090000000000   21.760000000000   13.940000000000
             268 Q      4.240000000000    7.130000000000    7.190000000000
             269 Q      2.800000000000    7.140000000000    6.710000000000
             270 Q      3.510000000000    7.480000000000    6.980000000000
             271 Q     18.400000000000    7.630000000000   15.110000000000
             272 Q     18.480000000000    8.670000000000   14.000000000000
             273 Q     18.100000000000    8.120000000000   14.490000000000
             274 Q      9.290000000000    8.590000000000   19.260000000000
             275 Q      8.180000000000    7.900000000000   19.820000000000
             276 Q      8.650000000000    8.550000000000   19.760000000000
             277 Q     19.000000000000   13.040000000000    8.820000000000
             278 Q     19.670000000000   12.850000000000   10.240000000000
             279 Q     19.160000000000   12.690000000000    9.590000000000
             280 Q     19.750000000000   13.280000000000    6.900000000000
             281 Q     18.490000000000   13.130000000000    5.910000000000
             282 Q     18.930000000000   13.320000000000    6.640000000000
             283 Q      4.500000000000   13.190000000000    2.770000000000
             284 Q      5.710000000000   13.790000000000    2.020000000000
             285 Q      5.290000000000   13.550000000000    2.710000000000
             286 Q      9.690000000000    6.900000000000    0.940000000000
             287 Q     10.720000000000    6.590000000000   -0.050000000000
             288 Q     10.000000000000    6.480000000000    0.290000000000
             289 Q     11.730000000000   11.310000000000    4.080000000000
             290 Q     12.550000000000   12.300000000000    3.390000000000
             291 Q     12.400000000000   11.780000000000    3.990000000000
             292 Q      8.560000000000   15.090000000000    3.570000000000
             293 Q      8.960000000000   14.360000000000    2.350000000000
             294 Q      8.740000000000   15.040000000000    2.740000000000
             295 Q     16.980000000000   13.770000000000   18.620000000000
             296 Q     17.960000000000   14.690000000000   19.400000000000
             297 Q     17.730000000000   14.140000000000   18.800000000000
             298 Q      4.750000000000    7.390000000000    3.640000000000
             299 Q      4.620000000000    6.660000000000    5.100000000000
             300 Q      4.980000000000    6.850000000000    4.290000000000
             301 Q      1.600000000000   14.750000000000   12.320000000000
             302 Q      1.790000000000   14.320000000000   13.820000000000
             303 Q      1.800000000000   14.210000000000   12.980000000000
             304 Q     18.080000000000   14.280000000000   11.570000000000
             305 Q     19.080000000000   15.010000000000   12.280000000000
             306 Q     18.690000000000   14.320000000000   12.110000000000
             307 Q     17.280000000000   11.980000000000   20.440000000000
             308 Q     16.350000000000   11.610000000000   19.300000000000
             309 Q     16.840000000000   11.450000000000   19.980000000000
             310 Q     12.450000000000   22.040000000000   16.990000000000
             311 Q     11.780000000000   20.670000000000   17.240000000000
             312 Q     12.420000000000   21.230000000000   17.200000000000
             313 Q     12.640000000000   15.050000000000    6.590000000000
             314 Q     13.390000000000   16.460000000000    6.500000000000
             315 Q     12.740000000000   15.900000000000    6.450000000000
             316 Q     20.050000000000   10.330000000000   12.980000000000
             317 Q     20.700000000000    9.060000000000   13.590000000000
             318 Q     20.110000000000    9.470000000000   13.130000000000
             319 Q      7.300000000000    8.810000000000    2.370000000000
             320 Q      5.810000000000    9.400000000000    2.230000000000
             321 Q      6.630000000000    9.200000000000    2.000000000000
             322 Q      9.530000000000   19.200000000000   15.350000000000
             323 Q     10.590000000000   20.360000000000   15.510000000000
             324 Q      9.950000000000   19.860000000000   15.780000000000
             325 Q     15.420000000000   19.870000000000   13.130000000000
             326 Q     15.090000000000   18.500000000000   13.600000000000
             327 Q     15.070000000000   19.130000000000   13.060000000000
             328 Q     13.430000000000    8.130000000000    4.140000000000
             329 Q     11.940000000000    7.650000000000    4.260000000000
             330 Q     12.620000000000    8.080000000000    3.920000000000
             331 Q      8.440000000000    4.580000000000    3.780000000000
             332 Q      9.700000000000    3.830000000000    3.970000000000
             333 Q      9.200000000000    4.480000000000    4.100000000000
             334 Q      6.440000000000    5.400000000000    7.390000000000
             335 Q      6.070000000000    6.660000000000    8.210000000000
             336 Q      5.950000000000    6.030000000000    7.650000000000
             337 Q     12.300000000000   16.010000000000    2.840000000000
             338 Q     12.350000000000   14.970000000000    1.720000000000
             339 Q     12.660000000000   15.610000000000    2.180000000000
             340 Q     10.900000000000   19.170000000000   18.850000000000
             341 Q      9.820000000000   19.820000000000   17.870000000000
             342 Q     10.240000000000   19.690000000000   18.620000000000
             343 Q     14.400000000000   10.490000000000   17.730000000000
             344 Q     15.000000000000    9.140000000000   17.300000000000
             345 Q     14.400000000000    9.680000000000   17.560000000000
             346 Q     16.750000000000   18.250000000000    4.160000000000
             347 Q     15.540000000000   18.360000000000    3.220000000000
             348 Q     16.020000000000   18.000000000000    3.810000000000
             349 Q     15.150000000000   10.240000000000    1.600000000000
             350 Q     13.700000000000   10.110000000000    1.310000000000
             351 Q     14.480000000000   10.230000000000    1.120000000000
             352 Q     11.350000000000   21.210000000000    6.270000000000
             353 Q     11.320000000000   22.590000000000    7.210000000000
             354 Q     11.460000000000   21.720000000000    6.950000000000
             355 Q     16.100000000000    5.580000000000    6.340000000000
             356 Q     15.630000000000    4.930000000000    7.690000000000
             357 Q     16.100000000000    5.470000000000    7.180000000000
             358 Q     11.090000000000   20.200000000000    4.090000000000
             359 Q     12.450000000000   19.960000000000    4.730000000000
             360 Q     11.850000000000   20.420000000000    4.380000000000
             361 Q     11.720000000000   16.800000000000   18.910000000000
             362 Q     12.700000000000   17.880000000000   18.520000000000
             363 Q     12.040000000000   17.550000000000   18.930000000000
             364 Q     17.380000000000   16.950000000000   11.170000000000
             365 Q     16.110000000000   16.290000000000   10.650000000000
             366 Q     16.880000000000   16.320000000000   11.030000000000
             367 Q      7.940000000000    1.240000000000   11.980000000000
             368 Q      8.440000000000   -0.150000000000   11.550000000000
             369 Q      7.880000000000    0.490000000000   11.590000000000
             370 Q      4.430000000000    7.720000000000   15.470000000000
             371 Q      4.540000000000    6.680000000000   16.690000000000
             372 Q      4.280000000000    6.990000000000   15.910000000000
             373 Q      6.990000000000   15.040000000000   13.900000000000
             374 Q      5.600000000000   15.330000000000   14.370000000000
             375 Q      6.170000000000   14.980000000000   13.870000000000
             376 Q      0.870000000000   11.190000000000    8.890000000000
             377 Q     -0.460000000000   10.630000000000    8.560000000000
             378 Q      0.070000000000   11.220000000000    8.900000000000
             379 Q     14.320000000000    3.790000000000   12.940000000000
             380 Q     13.110000000000    2.970000000000   13.260000000000
             381 Q     13.520000000000    3.680000000000   13.110000000000
             382 Q      3.520000000000   19.500000000000   11.910000000000
             383 Q      2.170000000000   19.490000000000   11.440000000000
             384 Q      2.960000000000   19.460000000000   11.330000000000
             385 Q     18.830000000000    6.440000000000    3.540000000000
             386 Q     19.510000000000    5.030000000000    4.090000000000
             387 Q     19.030000000000    5.570000000000    3.560000000000
             388 Q      2.160000000000   17.370000000000   17.040000000000
             389 Q      2.050000000000   15.980000000000   17.500000000000
             390 Q      2.360000000000   16.730000000000   17.520000000000
             391 Q     16.940000000000   12.460000000000    4.620000000000
             392 Q     16.910000000000   13.860000000000    4.020000000000
             393 Q     17.290000000000   13.120000000000    4.230000000000
             394 Q     15.150000000000    8.400000000000    9.080000000000
             395 Q     15.980000000000    9.460000000000    9.440000000000
             396 Q     15.540000000000    8.810000000000    9.630000000000
             397 Q      7.070000000000    1.390000000000    8.590000000000
             398 Q      8.010000000000    2.050000000000    9.560000000000
             399 Q      7.660000000000    1.920000000000    8.810000000000
             400 Q     14.110000000000   10.660000000000    4.990000000000
             401 Q     15.090000000000   10.840000000000    6.150000000000
             402 Q     14.780000000000   10.480000000000    5.440000000000
             403 Q      6.530000000000   10.930000000000    3.390000000000
             404 Q      6.670000000000   12.390000000000    3.570000000000
             405 Q      6.860000000000   11.610000000000    3.730000000000
             406 Q     18.790000000000    4.300000000000    9.950000000000
             407 Q     19.150000000000    4.920000000000   11.250000000000
             408 Q     18.950000000000    4.280000000000   10.770000000000
             409 Q     19.360000000000   15.790000000000    9.640000000000
             410 Q     20.760000000000   15.690000000000    9.230000000000
             411 Q     19.930000000000   15.800000000000    9.080000000000
             412 Q      6.610000000000   14.600000000000    4.670000000000
             413 Q      7.030000000000   15.180000000000    5.960000000000
             414 Q      7.120000000000   14.650000000000    5.310000000000
             415 Q     10.880000000000   22.340000000000   10.790000000000
             416 Q     10.380000000000   21.070000000000   10.330000000000
             417 Q     10.660000000000   21.570000000000   10.920000000000
             418 Q     16.700000000000   16.260000000000    3.270000000000
             419 Q     16.730000000000   15.380000000000    1.970000000000
             420 Q     17.030000000000   15.880000000000    2.580000000000
             421 Q     11.730000000000    2.980000000000   10.700000000000
             422 Q     10.250000000000    2.720000000000   11.220000000000
             423 Q     11.000000000000    2.550000000000   10.770000000000
             424 Q      7.910000000000    3.560000000000    7.240000000000
             425 Q      8.460000000000    4.520000000000    6.180000000000
             426 Q      8.130000000000    4.320000000000    6.940000000000
             427 Q      7.790000000000   17.010000000000   17.550000000000
             428 Q      9.330000000000   16.790000000000   17.650000000000
             429 Q      8.530000000000   16.900000000000   17.950000000000
             430 Q     12.780000000000   14.710000000000   19.330000000000
             431 Q     14.150000000000   15.330000000000   19.750000000000
             432 Q     13.570000000000   15.000000000000   19.200000000000
             433 Q      5.160000000000   16.510000000000   16.480000000000
             434 Q      3.800000000000   15.890000000000   16.010000000000
             435 Q      4.550000000000   16.260000000000   15.920000000000
             436 Q     16.310000000000   10.000000000000    3.820000000000
             437 Q     17.460000000000    9.540000000000    2.940000000000
             438 Q     16.720000000000    9.900000000000    3.090000000000
             439 Q      8.800000000000   11.930000000000    1.200000000000
             440 Q      9.740000000000   12.220000000000    2.390000000000
             441 Q      9.370000000000   12.380000000000    1.670000000000
             442 Q     10.200000000000    4.320000000000    1.270000000000
             443 Q     11.030000000000    3.270000000000    0.600000000000
             444 Q     10.320000000000    3.590000000000    0.910000000000
             445 Q     21.950000000000    9.410000000000    6.270000000000
             446 Q     21.030000000000    8.630000000000    7.240000000000
             447 Q     21.260000000000    9.260000000000    6.730000000000
             448 Q     19.910000000000    8.950000000000    3.040000000000
             449 Q     19.210000000000    9.260000000000    4.370000000000
             450 Q     19.350000000000    8.830000000000    3.670000000000
             451 Q     18.240000000000    3.060000000000    8.260000000000
             452 Q     17.560000000000    4.500000000000    7.770000000000
             453 Q     18.200000000000    3.940000000000    8.050000000000
             454 Q     10.200000000000    1.530000000000    6.090000000000
             455 Q      9.430000000000    1.860000000000    7.320000000000
             456 Q     10.070000000000    1.940000000000    6.790000000000
             457 Q     15.180000000000   18.680000000000    9.050000000000
             458 Q     14.930000000000   19.790000000000    8.000000000000
             459 Q     15.350000000000   19.140000000000    8.350000000000
             460 Q     16.020000000000   16.560000000000   14.910000000000
             461 Q     14.760000000000   17.000000000000   15.770000000000
             462 Q     15.310000000000   16.990000000000   15.090000000000
             463 Q      4.310000000000   17.430000000000    5.850000000000
             464 Q      4.460000000000   15.820000000000    5.840000000000
             465 Q      4.700000000000   16.660000000000    5.690000000000
             466 Q     13.140000000000    6.490000000000   18.520000000000
             467 Q     11.720000000000    5.860000000000   18.780000000000
             468 Q     12.540000000000    6.100000000000   18.980000000000
             469 Q      6.220000000000    5.310000000000    3.360000000000
             470 Q      6.620000000000    4.390000000000    2.160000000000
             471 Q      6.520000000000    4.620000000000    2.990000000000
             472 Q      3.130000000000   13.720000000000   15.610000000000
             473 Q      1.690000000000   13.900000000000   16.180000000000
             474 Q      2.440000000000   14.140000000000   15.800000000000
             475 Q     11.130000000000    9.510000000000   18.330000000000
             476 Q     11.110000000000    8.320000000000   17.570000000000
             477 Q     10.760000000000    8.850000000000   18.030000000000
             478 Q     11.420000000000    8.480000000000   21.070000000000
             479 Q     12.560000000000    7.560000000000   20.770000000000
             480 Q     12.050000000000    7.990000000000   21.270000000000
             481 Q      2.640000000000   10.360000000000    8.940000000000
             482 Q      3.230000000000   11.550000000000    9.710000000000
             483 Q      2.840000000000   11.160000000000    9.070000000000
             484 Q      4.860000000000   17.350000000000   11.990000000000
             485 Q      6.060000000000   16.530000000000   12.530000000000
             486 Q      5.620000000000   17.000000000000   11.940000000000
             487 Q      8.760000000000   11.340000000000    4.090000000000
             488 Q      9.770000000000   11.810000000000    5.080000000000
             489 Q      9.570000000000   11.590000000000    4.280000000000
             490 Q     15.270000000000   17.830000000000    7.090000000000
             491 Q     15.250000000000   17.410000000000    5.500000000000
             492 Q     15.130000000000   17.320000000000    6.350000000000
             493 Q      4.320000000000   10.560000000000    6.160000000000
             494 Q      3.820000000000    9.090000000000    6.080000000000
             495 Q      3.890000000000    9.880000000000    5.820000000000
             496 Q      8.410000000000    0.090000000000    5.730000000000
             497 Q      8.980000000000    0.890000000000    4.540000000000
             498 Q      8.990000000000    0.280000000000    5.150000000000
             499 Q      7.800000000000    5.030000000000   16.640000000000
             500 Q      8.530000000000    6.410000000000   16.290000000000
             501 Q      8.400000000000    5.580000000000   16.420000000000
             502 Q      4.640000000000   14.170000000000   21.990000000000
             503 Q      6.000000000000   13.620000000000   21.530000000000
             504 Q      5.490000000000   14.190000000000   21.900000000000
             505 Q     12.440000000000   20.960000000000   11.230000000000
             506 Q     13.640000000000   20.250000000000   11.870000000000
             507 Q     13.240000000000   20.890000000000   11.470000000000
             508 Q     10.440000000000   14.310000000000   20.140000000000
             509 Q     11.050000000000   15.500000000000   20.870000000000
             510 Q     11.070000000000   14.840000000000   20.380000000000
             511 Q      8.670000000000   18.420000000000    5.870000000000
             512 Q      8.800000000000   16.900000000000    5.860000000000
             513 Q      8.770000000000   17.660000000000    5.510000000000
             514 Q     11.150000000000   12.340000000000   18.300000000000
             515 Q     10.680000000000   12.780000000000   16.920000000000
             516 Q     10.780000000000   12.890000000000   17.730000000000
             517 Q      5.490000000000   10.500000000000   14.960000000000
             518 Q      5.680000000000    9.630000000000   16.210000000000
             519 Q      5.250000000000    9.950000000000   15.550000000000
             520 Q      9.120000000000    8.830000000000   16.060000000000
             521 Q      7.660000000000    8.690000000000   16.430000000000
             522 Q      8.360000000000    8.510000000000   16.000000000000
             523 Q      5.250000000000    6.770000000000   12.450000000000
             524 Q      5.670000000000    8.280000000000   12.780000000000
             525 Q      5.220000000000    7.630000000000   12.440000000000
             526 Q      5.970000000000   15.840000000000   21.240000000000
             527 Q      7.020000000000   17.120000000000   21.190000000000
             528 Q      6.260000000000   16.680000000000   21.140000000000
             529 Q     18.600000000000   19.670000000000    9.890000000000
             530 Q     17.190000000000   19.050000000000    9.380000000000
             531 Q     17.990000000000   19.060000000000    9.650000000000
             532 Q      5.580000000000    3.150000000000   13.910000000000
             533 Q      6.560000000000    4.310000000000   13.840000000000
             534 Q      6.130000000000    3.720000000000   14.230000000000
             535 Q     11.110000000000   14.890000000000   17.260000000000
             536 Q     11.100000000000   16.070000000000   16.180000000000
             537 Q     10.940000000000   15.690000000000   16.950000000000
             538 Q     14.140000000000    1.080000000000   13.730000000000
             539 Q     13.320000000000    0.670000000000   12.640000000000
             540 Q     13.430000000000    1.080000000000   13.330000000000
             541 Q     16.620000000000   18.670000000000   16.130000000000
             542 Q     17.290000000000   19.780000000000   16.990000000000
             543 Q     17.010000000000   19.400000000000   16.280000000000
             544 Q      3.150000000000    4.560000000000    9.410000000000
             545 Q      4.120000000000    5.090000000000    8.510000000000
             546 Q      3.390000000000    4.790000000000    8.690000000000
             547 Q      1.480000000000   10.620000000000   12.600000000000
             548 Q      0.850000000000   12.040000000000   12.600000000000
             549 Q      0.940000000000   11.240000000000   12.830000000000
             550 Q     12.750000000000    5.050000000000   11.130000000000
             551 Q     13.450000000000    4.750000000000    9.820000000000
             552 Q     12.910000000000    5.120000000000   10.300000000000
             553 Q     12.550000000000   12.610000000000    5.610000000000
             554 Q     13.610000000000   12.590000000000    6.770000000000
             555 Q     13.040000000000   12.950000000000    6.250000000000
             556 Q     14.670000000000   13.590000000000   18.120000000000
             557 Q     15.720000000000   13.010000000000   17.110000000000
             558 Q     15.270000000000   13.050000000000   17.860000000000
             559 Q     18.070000000000   15.500000000000   15.030000000000
             560 Q     17.630000000000   15.240000000000   13.640000000000
             561 Q     17.510000000000   15.340000000000   14.430000000000
             562 Q      3.040000000000   10.170000000000   18.840000000000
             563 Q      4.010000000000   11.210000000000   19.610000000000
             564 Q      3.750000000000   10.480000000000   19.220000000000
             565 Q     15.710000000000   11.850000000000   11.400000000000
             566 Q     17.260000000000   11.880000000000   10.980000000000
             567 Q     16.410000000000   11.990000000000   10.900000000000
             568 Q      5.730000000000    8.790000000000    9.390000000000
             569 Q      5.510000000000    7.790000000000   10.560000000000
             570 Q      5.640000000000    8.030000000000    9.750000000000
             571 Q     19.300000000000   10.810000000000   15.350000000000
             572 Q     18.420000000000    9.820000000000   16.050000000000
             573 Q     18.800000000000   10.550000000000   15.950000000000
             574 Q      4.590000000000   13.540000000000    6.400000000000
             575 Q      3.680000000000   14.390000000000    7.210000000000
             576 Q      4.000000000000   14.130000000000    6.490000000000
             577 Q     12.890000000000   10.360000000000   18.990000000000
             578 Q     12.120000000000   11.280000000000   19.980000000000
             579 Q     12.310000000000   10.950000000000   19.220000000000
             580 Q      7.670000000000    9.950000000000   22.370000000000
             581 Q      8.320000000000    9.930000000000   21.030000000000
             582 Q      8.120000000000   10.320000000000   21.770000000000
             583 Q     17.360000000000   11.970000000000   15.660000000000
             584 Q     16.880000000000   13.380000000000   15.210000000000
             585 Q     16.820000000000   12.650000000000   15.620000000000
             586 Q     17.020000000000    4.290000000000   14.370000000000
             587 Q     17.800000000000    4.230000000000   15.630000000000
             588 Q     17.580000000000    4.550000000000   14.910000000000
             589 Q     19.480000000000   10.600000000000    5.990000000000
             590 Q     18.130000000000   10.190000000000    6.620000000000
             591 Q     18.660000000000   10.420000000000    5.980000000000
             592 Q     10.490000000000   18.690000000000   11.990000000000
             593 Q     11.240000000000   19.590000000000   12.960000000000
             594 Q     11.000000000000   18.850000000000   12.650000000000
             595 Q     11.970000000000   16.950000000000    4.650000000000
             596 Q     10.550000000000   17.300000000000    4.200000000000
             597 Q     11.400000000000   17.280000000000    4.120000000000
