-------------------------------------------------------------
----------------------- !PROPERTIES! ------------------------
-------------------------------------------------------------
# -----------------------------------------------------------
$ PAL_Flags
   description: The PAL Flags
   geom. index: 1
   prop. index: 1
        Diskflag:     2
# -----------------------------------------------------------
$ SCF_Energy
   description: The SCF energy
   geom. index: 1
   prop. index: 1
        SCF Energy:    -2609.8736420390
# -----------------------------------------------------------
$ DFT_Energy
   description: The DFT energy
   geom. index: 1
   prop. index: 1
   Number of Alpha Electrons                164.9997435011 
   Number of Beta  Electrons                164.9997435011 
   Total number of  Electrons               329.9994870022 
   Exchange energy                         -231.4712298870 
   Correlation energy                       -13.3749173860 
   Correlation energy NL                      0.0000000000 
   Exchange-Correlation energy             -244.8461472730 
   Embedding correction                       0.0000000000 
   Total DFT Energy (No VdW correction)   -2609.8736420390 
# -----------------------------------------------------------
$ Mayer_Pop
   description: The Mayer population analysis
   geom. index: 1
   prop. index: 1
     Number of atoms                     : 598
     Threshold for printing              : 0.1000000
     Number of bond orders printed       : 76
  NA   - Mulliken gross atomic population
  ZA   - Total nuclear charge
  QA   - Mulliken gross atomic charge
  VA   - Mayer's total valence
  BVA  - Mayer's bonded valence
  FA   - Mayer's free valence
  ATOM       NA         ZA         QA         VA         BVA        FA
  0   0     6.3178     6.0000    -0.3178     3.8037     3.8037    -0.0000
  1   0     0.8448     1.0000     0.1552     0.9900     0.9900    -0.0000
  2   0     0.7910     1.0000     0.2090     0.9288     0.9288     0.0000
  3   0     5.9608     6.0000     0.0392     3.2567     3.2567     0.0000
  4   0     0.8981     1.0000     0.1019     1.0227     1.0227    -0.0000
  5   0     0.8201     1.0000     0.1799     0.9368     0.9368     0.0000
  6   0     6.3816     6.0000    -0.3816     3.2948     3.2948    -0.0000
  7   0     0.8670     1.0000     0.1330     1.0057     1.0057    -0.0000
  8   0     0.7725     1.0000     0.2275     0.8902     0.8902    -0.0000
  9   0     6.2856     6.0000    -0.2856     3.3614     3.3614     0.0000
 10   0     0.7618     1.0000     0.2382     0.9107     0.9107     0.0000
 11   0     0.8360     1.0000     0.1640     0.9877     0.9877     0.0000
 12   0     8.4339     8.0000    -0.4339     1.8070     1.8070     0.0000
 13   0     0.7912     1.0000     0.2088     0.9977     0.9977     0.0000
 14   0     8.5246     8.0000    -0.5246     1.8302     1.8302    -0.0000
 15   0     0.7351     1.0000     0.2649     0.9306     0.9306    -0.0000
 16   0     8.5696     8.0000    -0.5696     1.9266     1.9266    -0.0000
 17   0     0.7084     1.0000     0.2916     0.9380     0.9380    -0.0000
 18   0     0.7444     1.0000     0.2556     0.9711     0.9711    -0.0000
 19   0     8.5742     8.0000    -0.5742     2.1668     2.1668    -0.0000
 20   0     0.7338     1.0000     0.2662     0.9145     0.9145    -0.0000
 21   0     0.7182     1.0000     0.2818     0.9651     0.9651    -0.0000
 22   0     8.5815     8.0000    -0.5815     1.9288     1.9288    -0.0000
 23   0     0.8023     1.0000     0.1977     1.0081     1.0081     0.0000
 24   0     0.6719     1.0000     0.3281     0.9295     0.9295    -0.0000
 25   0     8.4737     8.0000    -0.4737     1.8956     1.8956     0.0000
 26   0     0.7376     1.0000     0.2624     0.9743     0.9743     0.0000
 27   0     0.8014     1.0000     0.1986     1.0379     1.0379    -0.0000
 28   0     8.5386     8.0000    -0.5386     1.8381     1.8381    -0.0000
 29   0     0.7968     1.0000     0.2032     1.0046     1.0046    -0.0000
 30   0     0.6747     1.0000     0.3253     0.9270     0.9270    -0.0000
 31   0     8.4449     8.0000    -0.4449     1.8605     1.8605    -0.0000
 32   0     0.7139     1.0000     0.2861     0.9755     0.9755    -0.0000
 33   0     0.8284     1.0000     0.1716     1.0119     1.0119    -0.0000
 34   0     8.5153     8.0000    -0.5153     1.9632     1.9632     0.0000
 35   0     0.6888     1.0000     0.3112     0.9357     0.9357     0.0000
 36   0     0.7291     1.0000     0.2709     0.9578     0.9578    -0.0000
 37   0     8.5841     8.0000    -0.5841     1.9440     1.9440     0.0000
 38   0     0.7249     1.0000     0.2751     0.9696     0.9696    -0.0000
 39   0     0.7329     1.0000     0.2671     0.9938     0.9938     0.0000
 40   0     8.3761     8.0000    -0.3761     1.9859     1.9859     0.0000
 41   0     0.8124     1.0000     0.1876     1.0135     1.0135     0.0000
 42   0     0.7853     1.0000     0.2147     0.9986     0.9986    -0.0000
 43   0     8.5780     8.0000    -0.5780     1.8897     1.8897    -0.0000
 44   0     0.7388     1.0000     0.2612     0.9687     0.9687    -0.0000
 45   0     0.7046     1.0000     0.2954     0.9371     0.9371    -0.0000
 46   0     8.5774     8.0000    -0.5774     1.9187     1.9187    -0.0000
 47   0     0.7019     1.0000     0.2981     0.9441     0.9441    -0.0000
 48   0     0.6904     1.0000     0.3096     0.9419     0.9419     0.0000
 49   0     8.6341     8.0000    -0.6341     1.7605     1.7605    -0.0000
 50   0     0.7283     1.0000     0.2717     0.9637     0.9637    -0.0000
 51   0     0.6821     1.0000     0.3179     0.9418     0.9418     0.0000
 52   0     8.5220     8.0000    -0.5220     2.0001     2.0001     0.0000
 53   0     0.7327     1.0000     0.2673     0.9602     0.9602     0.0000
 54   0     0.7204     1.0000     0.2796     0.9553     0.9553     0.0000
 55   0     8.5436     8.0000    -0.5436     1.8738     1.8738    -0.0000
 56   0     0.6968     1.0000     0.3032     0.9600     0.9600     0.0000
 57   0     0.7733     1.0000     0.2267     1.0288     1.0288    -0.0000
 58   0     8.4920     8.0000    -0.4920     1.9751     1.9751    -0.0000
 59   0     0.8237     1.0000     0.1763     1.0001     1.0001    -0.0000
 60   0     0.6428     1.0000     0.3572     0.8903     0.8903    -0.0000
 61   0     8.6541     8.0000    -0.6541     1.8968     1.8968    -0.0000
 62   0     0.6826     1.0000     0.3174     0.9628     0.9628    -0.0000
 63   0     0.6703     1.0000     0.3297     0.9074     0.9074     0.0000
 64   0     8.6190     8.0000    -0.6190     1.8123     1.8123    -0.0000
 65   0     0.7258     1.0000     0.2742     0.9538     0.9538    -0.0000
 66   0     0.6815     1.0000     0.3185     0.9325     0.9325    -0.0000
 67   0     8.5865     8.0000    -0.5865     1.8661     1.8661     0.0000
 68   0     0.7375     1.0000     0.2625     1.0008     1.0008     0.0000
 69   0     0.6729     1.0000     0.3271     0.9308     0.9308     0.0000
 70   0     8.5817     8.0000    -0.5817     1.9292     1.9292    -0.0000
 71   0     0.6632     1.0000     0.3368     0.9217     0.9217    -0.0000
 72   0     0.6871     1.0000     0.3129     0.9257     0.9257    -0.0000
 73   0     8.5457     8.0000    -0.5457     1.8926     1.8926    -0.0000
 74   0     0.7355     1.0000     0.2645     0.9776     0.9776    -0.0000
 75   0     0.7414     1.0000     0.2586     0.9759     0.9759     0.0000
 76   0     8.4742     8.0000    -0.4742     1.9436     1.9436    -0.0000
 77   0     0.7541     1.0000     0.2459     0.9697     0.9697     0.0000
 78   0     0.7398     1.0000     0.2602     0.9825     0.9825    -0.0000
 79   0     8.5470     8.0000    -0.5470     1.8239     1.8239    -0.0000
 80   0     0.6814     1.0000     0.3186     0.9234     0.9234     0.0000
 81   0     0.7424     1.0000     0.2576     0.9808     0.9808    -0.0000
 82   0     8.3922     8.0000    -0.3922     2.0000     2.0000     0.0000
 83   0     0.8181     1.0000     0.1819     1.0313     1.0313    -0.0000
 84   0     0.7712     1.0000     0.2288     0.9950     0.9950    -0.0000
 85   0     8.6458     8.0000    -0.6458     1.8300     1.8300     0.0000
 86   0     0.6794     1.0000     0.3206     0.9312     0.9312     0.0000
 87   0     0.6676     1.0000     0.3324     0.9102     0.9102     0.0000
 88   0     8.6190     8.0000    -0.6190     1.8250     1.8250    -0.0000
 89   0     0.6900     1.0000     0.3100     0.9499     0.9499    -0.0000
 90   0     0.6884     1.0000     0.3116     0.9320     0.9320    -0.0000
 91   0     8.5681     8.0000    -0.5681     1.8481     1.8481    -0.0000
 92   0     0.7087     1.0000     0.2913     0.9488     0.9488     0.0000
 93   0     0.7196     1.0000     0.2804     0.9557     0.9557    -0.0000
 94   0     8.5313     8.0000    -0.5313     1.8639     1.8639     0.0000
 95   0     0.7776     1.0000     0.2224     1.0023     1.0023    -0.0000
 96   0     0.7005     1.0000     0.2995     0.9376     0.9376     0.0000
 97   0     8.6290     8.0000    -0.6290     1.8506     1.8506     0.0000
 98   0     0.7515     1.0000     0.2485     1.0174     1.0174     0.0000
 99   0     0.6502     1.0000     0.3498     0.9185     0.9185    -0.0000
100   0     0.0000     0.6645     0.6645     0.0000     0.0000     0.0000
101   0     0.0000     0.6645     0.6645     0.0000     0.0000     0.0000
102   0     0.0000    -1.3290    -1.3290     0.0000     0.0000     0.0000
103   0     0.0000     0.6645     0.6645     0.0000     0.0000     0.0000
104   0     0.0000     0.6645     0.6645     0.0000     0.0000     0.0000
105   0     0.0000    -1.3290    -1.3290     0.0000     0.0000     0.0000
106   0     0.0000     0.6645     0.6645     0.0000     0.0000     0.0000
107   0     0.0000     0.6645     0.6645     0.0000     0.0000     0.0000
108   0     0.0000    -1.3290    -1.3290     0.0000     0.0000     0.0000
109   0     0.0000     0.6645     0.6645     0.0000     0.0000     0.0000
110   0     0.0000     0.6645     0.6645     0.0000     0.0000     0.0000
111   0     0.0000    -1.3290    -1.3290     0.0000     0.0000     0.0000
112   0     0.0000     0.6645     0.6645     0.0000     0.0000     0.0000
113   0     0.0000     0.6645     0.6645     0.0000     0.0000     0.0000
114   0     0.0000    -1.3290    -1.3290     0.0000     0.0000     0.0000
115   0     0.0000     0.6645     0.6645     0.0000     0.0000     0.0000
116   0     0.0000     0.6645     0.6645     0.0000     0.0000     0.0000
117   0     0.0000    -1.3290    -1.3290     0.0000     0.0000     0.0000
118   0     0.0000     0.6645     0.6645     0.0000     0.0000     0.0000
119   0     0.0000     0.6645     0.6645     0.0000     0.0000     0.0000
120   0     0.0000    -1.3290    -1.3290     0.0000     0.0000     0.0000
121   0     0.0000     0.6645     0.6645     0.0000     0.0000     0.0000
122   0     0.0000     0.6645     0.6645     0.0000     0.0000     0.0000
123   0     0.0000    -1.3290    -1.3290     0.0000     0.0000     0.0000
124   0     0.0000     0.6645     0.6645     0.0000     0.0000     0.0000
125   0     0.0000     0.6645     0.6645     0.0000     0.0000     0.0000
126   0     0.0000    -1.3290    -1.3290     0.0000     0.0000     0.0000
127   0     0.0000     0.6645     0.6645     0.0000     0.0000     0.0000
128   0     0.0000     0.6645     0.6645     0.0000     0.0000     0.0000
129   0     0.0000    -1.3290    -1.3290     0.0000     0.0000     0.0000
130   0     0.0000     0.6645     0.6645     0.0000     0.0000     0.0000
131   0     0.0000     0.6645     0.6645     0.0000     0.0000     0.0000
132   0     0.0000    -1.3290    -1.3290     0.0000     0.0000     0.0000
133   0     0.0000     0.6645     0.6645     0.0000     0.0000     0.0000
134   0     0.0000     0.6645     0.6645     0.0000     0.0000     0.0000
135   0     0.0000    -1.3290    -1.3290     0.0000     0.0000     0.0000
136   0     0.0000     0.6645     0.6645     0.0000     0.0000     0.0000
137   0     0.0000     0.6645     0.6645     0.0000     0.0000     0.0000
138   0     0.0000    -1.3290    -1.3290     0.0000     0.0000     0.0000
139   0     0.0000     0.6645     0.6645     0.0000     0.0000     0.0000
140   0     0.0000     0.6645     0.6645     0.0000     0.0000     0.0000
141   0     0.0000    -1.3290    -1.3290     0.0000     0.0000     0.0000
142   0     0.0000     0.6645     0.6645     0.0000     0.0000     0.0000
143   0     0.0000     0.6645     0.6645     0.0000     0.0000     0.0000
144   0     0.0000    -1.3290    -1.3290     0.0000     0.0000     0.0000
145   0     0.0000     0.6645     0.6645     0.0000     0.0000     0.0000
146   0     0.0000     0.6645     0.6645     0.0000     0.0000     0.0000
147   0     0.0000    -1.3290    -1.3290     0.0000     0.0000     0.0000
148   0     0.0000     0.6645     0.6645     0.0000     0.0000     0.0000
149   0     0.0000     0.6645     0.6645     0.0000     0.0000     0.0000
150   0     0.0000    -1.3290    -1.3290     0.0000     0.0000     0.0000
151   0     0.0000     0.6645     0.6645     0.0000     0.0000     0.0000
152   0     0.0000     0.6645     0.6645     0.0000     0.0000     0.0000
153   0     0.0000    -1.3290    -1.3290     0.0000     0.0000     0.0000
154   0     0.0000     0.6645     0.6645     0.0000     0.0000     0.0000
155   0     0.0000     0.6645     0.6645     0.0000     0.0000     0.0000
156   0     0.0000    -1.3290    -1.3290     0.0000     0.0000     0.0000
157   0     0.0000     0.6645     0.6645     0.0000     0.0000     0.0000
158   0     0.0000     0.6645     0.6645     0.0000     0.0000     0.0000
159   0     0.0000    -1.3290    -1.3290     0.0000     0.0000     0.0000
160   0     0.0000     0.6645     0.6645     0.0000     0.0000     0.0000
161   0     0.0000     0.6645     0.6645     0.0000     0.0000     0.0000
162   0     0.0000    -1.3290    -1.3290     0.0000     0.0000     0.0000
163   0     0.0000     0.6645     0.6645     0.0000     0.0000     0.0000
164   0     0.0000     0.6645     0.6645     0.0000     0.0000     0.0000
165   0     0.0000    -1.3290    -1.3290     0.0000     0.0000     0.0000
166   0     0.0000     0.6645     0.6645     0.0000     0.0000     0.0000
167   0     0.0000     0.6645     0.6645     0.0000     0.0000     0.0000
168   0     0.0000    -1.3290    -1.3290     0.0000     0.0000     0.0000
169   0     0.0000     0.6645     0.6645     0.0000     0.0000     0.0000
170   0     0.0000     0.6645     0.6645     0.0000     0.0000     0.0000
171   0     0.0000    -1.3290    -1.3290     0.0000     0.0000     0.0000
172   0     0.0000     0.6645     0.6645     0.0000     0.0000     0.0000
173   0     0.0000     0.6645     0.6645     0.0000     0.0000     0.0000
174   0     0.0000    -1.3290    -1.3290     0.0000     0.0000     0.0000
175   0     0.0000     0.6645     0.6645     0.0000     0.0000     0.0000
176   0     0.0000     0.6645     0.6645     0.0000     0.0000     0.0000
177   0     0.0000    -1.3290    -1.3290     0.0000     0.0000     0.0000
178   0     0.0000     0.6645     0.6645     0.0000     0.0000     0.0000
179   0     0.0000     0.6645     0.6645     0.0000     0.0000     0.0000
180   0     0.0000    -1.3290    -1.3290     0.0000     0.0000     0.0000
181   0     0.0000     0.6645     0.6645     0.0000     0.0000     0.0000
182   0     0.0000     0.6645     0.6645     0.0000     0.0000     0.0000
183   0     0.0000    -1.3290    -1.3290     0.0000     0.0000     0.0000
184   0     0.0000     0.6645     0.6645     0.0000     0.0000     0.0000
185   0     0.0000     0.6645     0.6645     0.0000     0.0000     0.0000
186   0     0.0000    -1.3290    -1.3290     0.0000     0.0000     0.0000
187   0     0.0000     0.6645     0.6645     0.0000     0.0000     0.0000
188   0     0.0000     0.6645     0.6645     0.0000     0.0000     0.0000
189   0     0.0000    -1.3290    -1.3290     0.0000     0.0000     0.0000
190   0     0.0000     0.6645     0.6645     0.0000     0.0000     0.0000
191   0     0.0000     0.6645     0.6645     0.0000     0.0000     0.0000
192   0     0.0000    -1.3290    -1.3290     0.0000     0.0000     0.0000
193   0     0.0000     0.6645     0.6645     0.0000     0.0000     0.0000
194   0     0.0000     0.6645     0.6645     0.0000     0.0000     0.0000
195   0     0.0000    -1.3290    -1.3290     0.0000     0.0000     0.0000
196   0     0.0000     0.6645     0.6645     0.0000     0.0000     0.0000
197   0     0.0000     0.6645     0.6645     0.0000     0.0000     0.0000
198   0     0.0000    -1.3290    -1.3290     0.0000     0.0000     0.0000
199   0     0.0000     0.6645     0.6645     0.0000     0.0000     0.0000
200   0     0.0000     0.6645     0.6645     0.0000     0.0000     0.0000
201   0     0.0000    -1.3290    -1.3290     0.0000     0.0000     0.0000
202   0     0.0000     0.6645     0.6645     0.0000     0.0000     0.0000
203   0     0.0000     0.6645     0.6645     0.0000     0.0000     0.0000
204   0     0.0000    -1.3290    -1.3290     0.0000     0.0000     0.0000
205   0     0.0000     0.6645     0.6645     0.0000     0.0000     0.0000
206   0     0.0000     0.6645     0.6645     0.0000     0.0000     0.0000
207   0     0.0000    -1.3290    -1.3290     0.0000     0.0000     0.0000
208   0     0.0000     0.6645     0.6645     0.0000     0.0000     0.0000
209   0     0.0000     0.6645     0.6645     0.0000     0.0000     0.0000
210   0     0.0000    -1.3290    -1.3290     0.0000     0.0000     0.0000
211   0     0.0000     0.6645     0.6645     0.0000     0.0000     0.0000
212   0     0.0000     0.6645     0.6645     0.0000     0.0000     0.0000
213   0     0.0000    -1.3290    -1.3290     0.0000     0.0000     0.0000
214   0     0.0000     0.6645     0.6645     0.0000     0.0000     0.0000
215   0     0.0000     0.6645     0.6645     0.0000     0.0000     0.0000
216   0     0.0000    -1.3290    -1.3290     0.0000     0.0000     0.0000
217   0     0.0000     0.6645     0.6645     0.0000     0.0000     0.0000
218   0     0.0000     0.6645     0.6645     0.0000     0.0000     0.0000
219   0     0.0000    -1.3290    -1.3290     0.0000     0.0000     0.0000
220   0     0.0000     0.6645     0.6645     0.0000     0.0000     0.0000
221   0     0.0000     0.6645     0.6645     0.0000     0.0000     0.0000
222   0     0.0000    -1.3290    -1.3290     0.0000     0.0000     0.0000
223   0     0.0000     0.6645     0.6645     0.0000     0.0000     0.0000
224   0     0.0000     0.6645     0.6645     0.0000     0.0000     0.0000
225   0     0.0000    -1.3290    -1.3290     0.0000     0.0000     0.0000
226   0     0.0000     0.6645     0.6645     0.0000     0.0000     0.0000
227   0     0.0000     0.6645     0.6645     0.0000     0.0000     0.0000
228   0     0.0000    -1.3290    -1.3290     0.0000     0.0000     0.0000
229   0     0.0000     0.6645     0.6645     0.0000     0.0000     0.0000
230   0     0.0000     0.6645     0.6645     0.0000     0.0000     0.0000
231   0     0.0000    -1.3290    -1.3290     0.0000     0.0000     0.0000
232   0     0.0000     0.6645     0.6645     0.0000     0.0000     0.0000
233   0     0.0000     0.6645     0.6645     0.0000     0.0000     0.0000
234   0     0.0000    -1.3290    -1.3290     0.0000     0.0000     0.0000
235   0     0.0000     0.6645     0.6645     0.0000     0.0000     0.0000
236   0     0.0000     0.6645     0.6645     0.0000     0.0000     0.0000
237   0     0.0000    -1.3290    -1.3290     0.0000     0.0000     0.0000
238   0     0.0000     0.6645     0.6645     0.0000     0.0000     0.0000
239   0     0.0000     0.6645     0.6645     0.0000     0.0000     0.0000
240   0     0.0000    -1.3290    -1.3290     0.0000     0.0000     0.0000
241   0     0.0000     0.6645     0.6645     0.0000     0.0000     0.0000
242   0     0.0000     0.6645     0.6645     0.0000     0.0000     0.0000
243   0     0.0000    -1.3290    -1.3290     0.0000     0.0000     0.0000
244   0     0.0000     0.6645     0.6645     0.0000     0.0000     0.0000
245   0     0.0000     0.6645     0.6645     0.0000     0.0000     0.0000
246   0     0.0000    -1.3290    -1.3290     0.0000     0.0000     0.0000
247   0     0.0000     0.6645     0.6645     0.0000     0.0000     0.0000
248   0     0.0000     0.6645     0.6645     0.0000     0.0000     0.0000
249   0     0.0000    -1.3290    -1.3290     0.0000     0.0000     0.0000
250   0     0.0000     0.6645     0.6645     0.0000     0.0000     0.0000
251   0     0.0000     0.6645     0.6645     0.0000     0.0000     0.0000
252   0     0.0000    -1.3290    -1.3290     0.0000     0.0000     0.0000
253   0     0.0000     0.6645     0.6645     0.0000     0.0000     0.0000
254   0     0.0000     0.6645     0.6645     0.0000     0.0000     0.0000
255   0     0.0000    -1.3290    -1.3290     0.0000     0.0000     0.0000
256   0     0.0000     0.6645     0.6645     0.0000     0.0000     0.0000
257   0     0.0000     0.6645     0.6645     0.0000     0.0000     0.0000
258   0     0.0000    -1.3290    -1.3290     0.0000     0.0000     0.0000
259   0     0.0000     0.6645     0.6645     0.0000     0.0000     0.0000
260   0     0.0000     0.6645     0.6645     0.0000     0.0000     0.0000
261   0     0.0000    -1.3290    -1.3290     0.0000     0.0000     0.0000
262   0     0.0000     0.6645     0.6645     0.0000     0.0000     0.0000
263   0     0.0000     0.6645     0.6645     0.0000     0.0000     0.0000
264   0     0.0000    -1.3290    -1.3290     0.0000     0.0000     0.0000
265   0     0.0000     0.6645     0.6645     0.0000     0.0000     0.0000
266   0     0.0000     0.6645     0.6645     0.0000     0.0000     0.0000
267   0     0.0000    -1.3290    -1.3290     0.0000     0.0000     0.0000
268   0     0.0000     0.6645     0.6645     0.0000     0.0000     0.0000
269   0     0.0000     0.6645     0.6645     0.0000     0.0000     0.0000
270   0     0.0000    -1.3290    -1.3290     0.0000     0.0000     0.0000
271   0     0.0000     0.6645     0.6645     0.0000     0.0000     0.0000
272   0     0.0000     0.6645     0.6645     0.0000     0.0000     0.0000
273   0     0.0000    -1.3290    -1.3290     0.0000     0.0000     0.0000
274   0     0.0000     0.6645     0.6645     0.0000     0.0000     0.0000
275   0     0.0000     0.6645     0.6645     0.0000     0.0000     0.0000
276   0     0.0000    -1.3290    -1.3290     0.0000     0.0000     0.0000
277   0     0.0000     0.6645     0.6645     0.0000     0.0000     0.0000
278   0     0.0000     0.6645     0.6645     0.0000     0.0000     0.0000
279   0     0.0000    -1.3290    -1.3290     0.0000     0.0000     0.0000
280   0     0.0000     0.6645     0.6645     0.0000     0.0000     0.0000
281   0     0.0000     0.6645     0.6645     0.0000     0.0000     0.0000
282   0     0.0000    -1.3290    -1.3290     0.0000     0.0000     0.0000
283   0     0.0000     0.6645     0.6645     0.0000     0.0000     0.0000
284   0     0.0000     0.6645     0.6645     0.0000     0.0000     0.0000
285   0     0.0000    -1.3290    -1.3290     0.0000     0.0000     0.0000
286   0     0.0000     0.6645     0.6645     0.0000     0.0000     0.0000
287   0     0.0000     0.6645     0.6645     0.0000     0.0000     0.0000
288   0     0.0000    -1.3290    -1.3290     0.0000     0.0000     0.0000
289   0     0.0000     0.6645     0.6645     0.0000     0.0000     0.0000
290   0     0.0000     0.6645     0.6645     0.0000     0.0000     0.0000
291   0     0.0000    -1.3290    -1.3290     0.0000     0.0000     0.0000
292   0     0.0000     0.6645     0.6645     0.0000     0.0000     0.0000
293   0     0.0000     0.6645     0.6645     0.0000     0.0000     0.0000
294   0     0.0000    -1.3290    -1.3290     0.0000     0.0000     0.0000
295   0     0.0000     0.6645     0.6645     0.0000     0.0000     0.0000
296   0     0.0000     0.6645     0.6645     0.0000     0.0000     0.0000
297   0     0.0000    -1.3290    -1.3290     0.0000     0.0000     0.0000
298   0     0.0000     0.6645     0.6645     0.0000     0.0000     0.0000
299   0     0.0000     0.6645     0.6645     0.0000     0.0000     0.0000
300   0     0.0000    -1.3290    -1.3290     0.0000     0.0000     0.0000
301   0     0.0000     0.6645     0.6645     0.0000     0.0000     0.0000
302   0     0.0000     0.6645     0.6645     0.0000     0.0000     0.0000
303   0     0.0000    -1.3290    -1.3290     0.0000     0.0000     0.0000
304   0     0.0000     0.6645     0.6645     0.0000     0.0000     0.0000
305   0     0.0000     0.6645     0.6645     0.0000     0.0000     0.0000
306   0     0.0000    -1.3290    -1.3290     0.0000     0.0000     0.0000
307   0     0.0000     0.6645     0.6645     0.0000     0.0000     0.0000
308   0     0.0000     0.6645     0.6645     0.0000     0.0000     0.0000
309   0     0.0000    -1.3290    -1.3290     0.0000     0.0000     0.0000
310   0     0.0000     0.6645     0.6645     0.0000     0.0000     0.0000
311   0     0.0000     0.6645     0.6645     0.0000     0.0000     0.0000
312   0     0.0000    -1.3290    -1.3290     0.0000     0.0000     0.0000
313   0     0.0000     0.6645     0.6645     0.0000     0.0000     0.0000
314   0     0.0000     0.6645     0.6645     0.0000     0.0000     0.0000
315   0     0.0000    -1.3290    -1.3290     0.0000     0.0000     0.0000
316   0     0.0000     0.6645     0.6645     0.0000     0.0000     0.0000
317   0     0.0000     0.6645     0.6645     0.0000     0.0000     0.0000
318   0     0.0000    -1.3290    -1.3290     0.0000     0.0000     0.0000
319   0     0.0000     0.6645     0.6645     0.0000     0.0000     0.0000
320   0     0.0000     0.6645     0.6645     0.0000     0.0000     0.0000
321   0     0.0000    -1.3290    -1.3290     0.0000     0.0000     0.0000
322   0     0.0000     0.6645     0.6645     0.0000     0.0000     0.0000
323   0     0.0000     0.6645     0.6645     0.0000     0.0000     0.0000
324   0     0.0000    -1.3290    -1.3290     0.0000     0.0000     0.0000
325   0     0.0000     0.6645     0.6645     0.0000     0.0000     0.0000
326   0     0.0000     0.6645     0.6645     0.0000     0.0000     0.0000
327   0     0.0000    -1.3290    -1.3290     0.0000     0.0000     0.0000
328   0     0.0000     0.6645     0.6645     0.0000     0.0000     0.0000
329   0     0.0000     0.6645     0.6645     0.0000     0.0000     0.0000
330   0     0.0000    -1.3290    -1.3290     0.0000     0.0000     0.0000
331   0     0.0000     0.6645     0.6645     0.0000     0.0000     0.0000
332   0     0.0000     0.6645     0.6645     0.0000     0.0000     0.0000
333   0     0.0000    -1.3290    -1.3290     0.0000     0.0000     0.0000
334   0     0.0000     0.6645     0.6645     0.0000     0.0000     0.0000
335   0     0.0000     0.6645     0.6645     0.0000     0.0000     0.0000
336   0     0.0000    -1.3290    -1.3290     0.0000     0.0000     0.0000
337   0     0.0000     0.6645     0.6645     0.0000     0.0000     0.0000
338   0     0.0000     0.6645     0.6645     0.0000     0.0000     0.0000
339   0     0.0000    -1.3290    -1.3290     0.0000     0.0000     0.0000
340   0     0.0000     0.6645     0.6645     0.0000     0.0000     0.0000
341   0     0.0000     0.6645     0.6645     0.0000     0.0000     0.0000
342   0     0.0000    -1.3290    -1.3290     0.0000     0.0000     0.0000
343   0     0.0000     0.6645     0.6645     0.0000     0.0000     0.0000
344   0     0.0000     0.6645     0.6645     0.0000     0.0000     0.0000
345   0     0.0000    -1.3290    -1.3290     0.0000     0.0000     0.0000
346   0     0.0000     0.6645     0.6645     0.0000     0.0000     0.0000
347   0     0.0000     0.6645     0.6645     0.0000     0.0000     0.0000
348   0     0.0000    -1.3290    -1.3290     0.0000     0.0000     0.0000
349   0     0.0000     0.6645     0.6645     0.0000     0.0000     0.0000
350   0     0.0000     0.6645     0.6645     0.0000     0.0000     0.0000
351   0     0.0000    -1.3290    -1.3290     0.0000     0.0000     0.0000
352   0     0.0000     0.6645     0.6645     0.0000     0.0000     0.0000
353   0     0.0000     0.6645     0.6645     0.0000     0.0000     0.0000
354   0     0.0000    -1.3290    -1.3290     0.0000     0.0000     0.0000
355   0     0.0000     0.6645     0.6645     0.0000     0.0000     0.0000
356   0     0.0000     0.6645     0.6645     0.0000     0.0000     0.0000
357   0     0.0000    -1.3290    -1.3290     0.0000     0.0000     0.0000
358   0     0.0000     0.6645     0.6645     0.0000     0.0000     0.0000
359   0     0.0000     0.6645     0.6645     0.0000     0.0000     0.0000
360   0     0.0000    -1.3290    -1.3290     0.0000     0.0000     0.0000
361   0     0.0000     0.6645     0.6645     0.0000     0.0000     0.0000
362   0     0.0000     0.6645     0.6645     0.0000     0.0000     0.0000
363   0     0.0000    -1.3290    -1.3290     0.0000     0.0000     0.0000
364   0     0.0000     0.6645     0.6645     0.0000     0.0000     0.0000
365   0     0.0000     0.6645     0.6645     0.0000     0.0000     0.0000
366   0     0.0000    -1.3290    -1.3290     0.0000     0.0000     0.0000
367   0     0.0000     0.6645     0.6645     0.0000     0.0000     0.0000
368   0     0.0000     0.6645     0.6645     0.0000     0.0000     0.0000
369   0     0.0000    -1.3290    -1.3290     0.0000     0.0000     0.0000
370   0     0.0000     0.6645     0.6645     0.0000     0.0000     0.0000
371   0     0.0000     0.6645     0.6645     0.0000     0.0000     0.0000
372   0     0.0000    -1.3290    -1.3290     0.0000     0.0000     0.0000
373   0     0.0000     0.6645     0.6645     0.0000     0.0000     0.0000
374   0     0.0000     0.6645     0.6645     0.0000     0.0000     0.0000
375   0     0.0000    -1.3290    -1.3290     0.0000     0.0000     0.0000
376   0     0.0000     0.6645     0.6645     0.0000     0.0000     0.0000
377   0     0.0000     0.6645     0.6645     0.0000     0.0000     0.0000
378   0     0.0000    -1.3290    -1.3290     0.0000     0.0000     0.0000
379   0     0.0000     0.6645     0.6645     0.0000     0.0000     0.0000
380   0     0.0000     0.6645     0.6645     0.0000     0.0000     0.0000
381   0     0.0000    -1.3290    -1.3290     0.0000     0.0000     0.0000
382   0     0.0000     0.6645     0.6645     0.0000     0.0000     0.0000
383   0     0.0000     0.6645     0.6645     0.0000     0.0000     0.0000
384   0     0.0000    -1.3290    -1.3290     0.0000     0.0000     0.0000
385   0     0.0000     0.6645     0.6645     0.0000     0.0000     0.0000
386   0     0.0000     0.6645     0.6645     0.0000     0.0000     0.0000
387   0     0.0000    -1.3290    -1.3290     0.0000     0.0000     0.0000
388   0     0.0000     0.6645     0.6645     0.0000     0.0000     0.0000
389   0     0.0000     0.6645     0.6645     0.0000     0.0000     0.0000
390   0     0.0000    -1.3290    -1.3290     0.0000     0.0000     0.0000
391   0     0.0000     0.6645     0.6645     0.0000     0.0000     0.0000
392   0     0.0000     0.6645     0.6645     0.0000     0.0000     0.0000
393   0     0.0000    -1.3290    -1.3290     0.0000     0.0000     0.0000
394   0     0.0000     0.6645     0.6645     0.0000     0.0000     0.0000
395   0     0.0000     0.6645     0.6645     0.0000     0.0000     0.0000
396   0     0.0000    -1.3290    -1.3290     0.0000     0.0000     0.0000
397   0     0.0000     0.6645     0.6645     0.0000     0.0000     0.0000
398   0     0.0000     0.6645     0.6645     0.0000     0.0000     0.0000
399   0     0.0000    -1.3290    -1.3290     0.0000     0.0000     0.0000
400   0     0.0000     0.6645     0.6645     0.0000     0.0000     0.0000
401   0     0.0000     0.6645     0.6645     0.0000     0.0000     0.0000
402   0     0.0000    -1.3290    -1.3290     0.0000     0.0000     0.0000
403   0     0.0000     0.6645     0.6645     0.0000     0.0000     0.0000
404   0     0.0000     0.6645     0.6645     0.0000     0.0000     0.0000
405   0     0.0000    -1.3290    -1.3290     0.0000     0.0000     0.0000
406   0     0.0000     0.6645     0.6645     0.0000     0.0000     0.0000
407   0     0.0000     0.6645     0.6645     0.0000     0.0000     0.0000
408   0     0.0000    -1.3290    -1.3290     0.0000     0.0000     0.0000
409   0     0.0000     0.6645     0.6645     0.0000     0.0000     0.0000
410   0     0.0000     0.6645     0.6645     0.0000     0.0000     0.0000
411   0     0.0000    -1.3290    -1.3290     0.0000     0.0000     0.0000
412   0     0.0000     0.6645     0.6645     0.0000     0.0000     0.0000
413   0     0.0000     0.6645     0.6645     0.0000     0.0000     0.0000
414   0     0.0000    -1.3290    -1.3290     0.0000     0.0000     0.0000
415   0     0.0000     0.6645     0.6645     0.0000     0.0000     0.0000
416   0     0.0000     0.6645     0.6645     0.0000     0.0000     0.0000
417   0     0.0000    -1.3290    -1.3290     0.0000     0.0000     0.0000
418   0     0.0000     0.6645     0.6645     0.0000     0.0000     0.0000
419   0     0.0000     0.6645     0.6645     0.0000     0.0000     0.0000
420   0     0.0000    -1.3290    -1.3290     0.0000     0.0000     0.0000
421   0     0.0000     0.6645     0.6645     0.0000     0.0000     0.0000
422   0     0.0000     0.6645     0.6645     0.0000     0.0000     0.0000
423   0     0.0000    -1.3290    -1.3290     0.0000     0.0000     0.0000
424   0     0.0000     0.6645     0.6645     0.0000     0.0000     0.0000
425   0     0.0000     0.6645     0.6645     0.0000     0.0000     0.0000
426   0     0.0000    -1.3290    -1.3290     0.0000     0.0000     0.0000
427   0     0.0000     0.6645     0.6645     0.0000     0.0000     0.0000
428   0     0.0000     0.6645     0.6645     0.0000     0.0000     0.0000
429   0     0.0000    -1.3290    -1.3290     0.0000     0.0000     0.0000
430   0     0.0000     0.6645     0.6645     0.0000     0.0000     0.0000
431   0     0.0000     0.6645     0.6645     0.0000     0.0000     0.0000
432   0     0.0000    -1.3290    -1.3290     0.0000     0.0000     0.0000
433   0     0.0000     0.6645     0.6645     0.0000     0.0000     0.0000
434   0     0.0000     0.6645     0.6645     0.0000     0.0000     0.0000
435   0     0.0000    -1.3290    -1.3290     0.0000     0.0000     0.0000
436   0     0.0000     0.6645     0.6645     0.0000     0.0000     0.0000
437   0     0.0000     0.6645     0.6645     0.0000     0.0000     0.0000
438   0     0.0000    -1.3290    -1.3290     0.0000     0.0000     0.0000
439   0     0.0000     0.6645     0.6645     0.0000     0.0000     0.0000
440   0     0.0000     0.6645     0.6645     0.0000     0.0000     0.0000
441   0     0.0000    -1.3290    -1.3290     0.0000     0.0000     0.0000
442   0     0.0000     0.6645     0.6645     0.0000     0.0000     0.0000
443   0     0.0000     0.6645     0.6645     0.0000     0.0000     0.0000
444   0     0.0000    -1.3290    -1.3290     0.0000     0.0000     0.0000
445   0     0.0000     0.6645     0.6645     0.0000     0.0000     0.0000
446   0     0.0000     0.6645     0.6645     0.0000     0.0000     0.0000
447   0     0.0000    -1.3290    -1.3290     0.0000     0.0000     0.0000
448   0     0.0000     0.6645     0.6645     0.0000     0.0000     0.0000
449   0     0.0000     0.6645     0.6645     0.0000     0.0000     0.0000
450   0     0.0000    -1.3290    -1.3290     0.0000     0.0000     0.0000
451   0     0.0000     0.6645     0.6645     0.0000     0.0000     0.0000
452   0     0.0000     0.6645     0.6645     0.0000     0.0000     0.0000
453   0     0.0000    -1.3290    -1.3290     0.0000     0.0000     0.0000
454   0     0.0000     0.6645     0.6645     0.0000     0.0000     0.0000
455   0     0.0000     0.6645     0.6645     0.0000     0.0000     0.0000
456   0     0.0000    -1.3290    -1.3290     0.0000     0.0000     0.0000
457   0     0.0000     0.6645     0.6645     0.0000     0.0000     0.0000
458   0     0.0000     0.6645     0.6645     0.0000     0.0000     0.0000
459   0     0.0000    -1.3290    -1.3290     0.0000     0.0000     0.0000
460   0     0.0000     0.6645     0.6645     0.0000     0.0000     0.0000
461   0     0.0000     0.6645     0.6645     0.0000     0.0000     0.0000
462   0     0.0000    -1.3290    -1.3290     0.0000     0.0000     0.0000
463   0     0.0000     0.6645     0.6645     0.0000     0.0000     0.0000
464   0     0.0000     0.6645     0.6645     0.0000     0.0000     0.0000
465   0     0.0000    -1.3290    -1.3290     0.0000     0.0000     0.0000
466   0     0.0000     0.6645     0.6645     0.0000     0.0000     0.0000
467   0     0.0000     0.6645     0.6645     0.0000     0.0000     0.0000
468   0     0.0000    -1.3290    -1.3290     0.0000     0.0000     0.0000
469   0     0.0000     0.6645     0.6645     0.0000     0.0000     0.0000
470   0     0.0000     0.6645     0.6645     0.0000     0.0000     0.0000
471   0     0.0000    -1.3290    -1.3290     0.0000     0.0000     0.0000
472   0     0.0000     0.6645     0.6645     0.0000     0.0000     0.0000
473   0     0.0000     0.6645     0.6645     0.0000     0.0000     0.0000
474   0     0.0000    -1.3290    -1.3290     0.0000     0.0000     0.0000
475   0     0.0000     0.6645     0.6645     0.0000     0.0000     0.0000
476   0     0.0000     0.6645     0.6645     0.0000     0.0000     0.0000
477   0     0.0000    -1.3290    -1.3290     0.0000     0.0000     0.0000
478   0     0.0000     0.6645     0.6645     0.0000     0.0000     0.0000
479   0     0.0000     0.6645     0.6645     0.0000     0.0000     0.0000
480   0     0.0000    -1.3290    -1.3290     0.0000     0.0000     0.0000
481   0     0.0000     0.6645     0.6645     0.0000     0.0000     0.0000
482   0     0.0000     0.6645     0.6645     0.0000     0.0000     0.0000
483   0     0.0000    -1.3290    -1.3290     0.0000     0.0000     0.0000
484   0     0.0000     0.6645     0.6645     0.0000     0.0000     0.0000
485   0     0.0000     0.6645     0.6645     0.0000     0.0000     0.0000
486   0     0.0000    -1.3290    -1.3290     0.0000     0.0000     0.0000
487   0     0.0000     0.6645     0.6645     0.0000     0.0000     0.0000
488   0     0.0000     0.6645     0.6645     0.0000     0.0000     0.0000
489   0     0.0000    -1.3290    -1.3290     0.0000     0.0000     0.0000
490   0     0.0000     0.6645     0.6645     0.0000     0.0000     0.0000
491   0     0.0000     0.6645     0.6645     0.0000     0.0000     0.0000
492   0     0.0000    -1.3290    -1.3290     0.0000     0.0000     0.0000
493   0     0.0000     0.6645     0.6645     0.0000     0.0000     0.0000
494   0     0.0000     0.6645     0.6645     0.0000     0.0000     0.0000
495   0     0.0000    -1.3290    -1.3290     0.0000     0.0000     0.0000
496   0     0.0000     0.6645     0.6645     0.0000     0.0000     0.0000
497   0     0.0000     0.6645     0.6645     0.0000     0.0000     0.0000
498   0     0.0000    -1.3290    -1.3290     0.0000     0.0000     0.0000
499   0     0.0000     0.6645     0.6645     0.0000     0.0000     0.0000
500   0     0.0000     0.6645     0.6645     0.0000     0.0000     0.0000
501   0     0.0000    -1.3290    -1.3290     0.0000     0.0000     0.0000
502   0     0.0000     0.6645     0.6645     0.0000     0.0000     0.0000
503   0     0.0000     0.6645     0.6645     0.0000     0.0000     0.0000
504   0     0.0000    -1.3290    -1.3290     0.0000     0.0000     0.0000
505   0     0.0000     0.6645     0.6645     0.0000     0.0000     0.0000
506   0     0.0000     0.6645     0.6645     0.0000     0.0000     0.0000
507   0     0.0000    -1.3290    -1.3290     0.0000     0.0000     0.0000
508   0     0.0000     0.6645     0.6645     0.0000     0.0000     0.0000
509   0     0.0000     0.6645     0.6645     0.0000     0.0000     0.0000
510   0     0.0000    -1.3290    -1.3290     0.0000     0.0000     0.0000
511   0     0.0000     0.6645     0.6645     0.0000     0.0000     0.0000
512   0     0.0000     0.6645     0.6645     0.0000     0.0000     0.0000
513   0     0.0000    -1.3290    -1.3290     0.0000     0.0000     0.0000
514   0     0.0000     0.6645     0.6645     0.0000     0.0000     0.0000
515   0     0.0000     0.6645     0.6645     0.0000     0.0000     0.0000
516   0     0.0000    -1.3290    -1.3290     0.0000     0.0000     0.0000
517   0     0.0000     0.6645     0.6645     0.0000     0.0000     0.0000
518   0     0.0000     0.6645     0.6645     0.0000     0.0000     0.0000
519   0     0.0000    -1.3290    -1.3290     0.0000     0.0000     0.0000
520   0     0.0000     0.6645     0.6645     0.0000     0.0000     0.0000
521   0     0.0000     0.6645     0.6645     0.0000     0.0000     0.0000
522   0     0.0000    -1.3290    -1.3290     0.0000     0.0000     0.0000
523   0     0.0000     0.6645     0.6645     0.0000     0.0000     0.0000
524   0     0.0000     0.6645     0.6645     0.0000     0.0000     0.0000
525   0     0.0000    -1.3290    -1.3290     0.0000     0.0000     0.0000
526   0     0.0000     0.6645     0.6645     0.0000     0.0000     0.0000
527   0     0.0000     0.6645     0.6645     0.0000     0.0000     0.0000
528   0     0.0000    -1.3290    -1.3290     0.0000     0.0000     0.0000
529   0     0.0000     0.6645     0.6645     0.0000     0.0000     0.0000
530   0     0.0000     0.6645     0.6645     0.0000     0.0000     0.0000
531   0     0.0000    -1.3290    -1.3290     0.0000     0.0000     0.0000
532   0     0.0000     0.6645     0.6645     0.0000     0.0000     0.0000
533   0     0.0000     0.6645     0.6645     0.0000     0.0000     0.0000
534   0     0.0000    -1.3290    -1.3290     0.0000     0.0000     0.0000
535   0     0.0000     0.6645     0.6645     0.0000     0.0000     0.0000
536   0     0.0000     0.6645     0.6645     0.0000     0.0000     0.0000
537   0     0.0000    -1.3290    -1.3290     0.0000     0.0000     0.0000
538   0     0.0000     0.6645     0.6645     0.0000     0.0000     0.0000
539   0     0.0000     0.6645     0.6645     0.0000     0.0000     0.0000
540   0     0.0000    -1.3290    -1.3290     0.0000     0.0000     0.0000
541   0     0.0000     0.6645     0.6645     0.0000     0.0000     0.0000
542   0     0.0000     0.6645     0.6645     0.0000     0.0000     0.0000
543   0     0.0000    -1.3290    -1.3290     0.0000     0.0000     0.0000
544   0     0.0000     0.6645     0.6645     0.0000     0.0000     0.0000
545   0     0.0000     0.6645     0.6645     0.0000     0.0000     0.0000
546   0     0.0000    -1.3290    -1.3290     0.0000     0.0000     0.0000
547   0     0.0000     0.6645     0.6645     0.0000     0.0000     0.0000
548   0     0.0000     0.6645     0.6645     0.0000     0.0000     0.0000
549   0     0.0000    -1.3290    -1.3290     0.0000     0.0000     0.0000
550   0     0.0000     0.6645     0.6645     0.0000     0.0000     0.0000
551   0     0.0000     0.6645     0.6645     0.0000     0.0000     0.0000
552   0     0.0000    -1.3290    -1.3290     0.0000     0.0000     0.0000
553   0     0.0000     0.6645     0.6645     0.0000     0.0000     0.0000
554   0     0.0000     0.6645     0.6645     0.0000     0.0000     0.0000
555   0     0.0000    -1.3290    -1.3290     0.0000     0.0000     0.0000
556   0     0.0000     0.6645     0.6645     0.0000     0.0000     0.0000
557   0     0.0000     0.6645     0.6645     0.0000     0.0000     0.0000
558   0     0.0000    -1.3290    -1.3290     0.0000     0.0000     0.0000
559   0     0.0000     0.6645     0.6645     0.0000     0.0000     0.0000
560   0     0.0000     0.6645     0.6645     0.0000     0.0000     0.0000
561   0     0.0000    -1.3290    -1.3290     0.0000     0.0000     0.0000
562   0     0.0000     0.6645     0.6645     0.0000     0.0000     0.0000
563   0     0.0000     0.6645     0.6645     0.0000     0.0000     0.0000
564   0     0.0000    -1.3290    -1.3290     0.0000     0.0000     0.0000
565   0     0.0000     0.6645     0.6645     0.0000     0.0000     0.0000
566   0     0.0000     0.6645     0.6645     0.0000     0.0000     0.0000
567   0     0.0000    -1.3290    -1.3290     0.0000     0.0000     0.0000
568   0     0.0000     0.6645     0.6645     0.0000     0.0000     0.0000
569   0     0.0000     0.6645     0.6645     0.0000     0.0000     0.0000
570   0     0.0000    -1.3290    -1.3290     0.0000     0.0000     0.0000
571   0     0.0000     0.6645     0.6645     0.0000     0.0000     0.0000
572   0     0.0000     0.6645     0.6645     0.0000     0.0000     0.0000
573   0     0.0000    -1.3290    -1.3290     0.0000     0.0000     0.0000
574   0     0.0000     0.6645     0.6645     0.0000     0.0000     0.0000
575   0     0.0000     0.6645     0.6645     0.0000     0.0000     0.0000
576   0     0.0000    -1.3290    -1.3290     0.0000     0.0000     0.0000
577   0     0.0000     0.6645     0.6645     0.0000     0.0000     0.0000
578   0     0.0000     0.6645     0.6645     0.0000     0.0000     0.0000
579   0     0.0000    -1.3290    -1.3290     0.0000     0.0000     0.0000
580   0     0.0000     0.6645     0.6645     0.0000     0.0000     0.0000
581   0     0.0000     0.6645     0.6645     0.0000     0.0000     0.0000
582   0     0.0000    -1.3290    -1.3290     0.0000     0.0000     0.0000
583   0     0.0000     0.6645     0.6645     0.0000     0.0000     0.0000
584   0     0.0000     0.6645     0.6645     0.0000     0.0000     0.0000
585   0     0.0000    -1.3290    -1.3290     0.0000     0.0000     0.0000
586   0     0.0000     0.6645     0.6645     0.0000     0.0000     0.0000
587   0     0.0000     0.6645     0.6645     0.0000     0.0000     0.0000
588   0     0.0000    -1.3290    -1.3290     0.0000     0.0000     0.0000
589   0     0.0000     0.6645     0.6645     0.0000     0.0000     0.0000
590   0     0.0000     0.6645     0.6645     0.0000     0.0000     0.0000
591   0     0.0000    -1.3290    -1.3290     0.0000     0.0000     0.0000
592   0     0.0000     0.6645     0.6645     0.0000     0.0000     0.0000
593   0     0.0000     0.6645     0.6645     0.0000     0.0000     0.0000
594   0     0.0000    -1.3290    -1.3290     0.0000     0.0000     0.0000
595   0     0.0000     0.6645     0.6645     0.0000     0.0000     0.0000
596   0     0.0000     0.6645     0.6645     0.0000     0.0000     0.0000
597   0     0.0000    -1.3290    -1.3290     0.0000     0.0000     0.0000
      Bond orders larger than 0.1000000
           Atom A     A.N. of A          Atom B    A.N. of B              Bond order
                0             6               1            1                1.031183
                0             6               2            1                0.954526
                0             6               3            6                0.745629
                0             6              14            8                0.911856
                0             6              22            8                0.115197
                3             6               4            1                1.023300
                3             6               5            1                1.011994
                3             6               6            6                0.653019
                3             6              14            8               -0.110227
                6             6               7            1                1.042967
                6             6               8            1                1.005518
                6             6               9            6                0.496206
                6             6              11            1               -0.113162
                6             6              64            8                0.172437
                6             6              70            8                0.103359
                9             6              10            1                1.010041
                9             6              11            1                1.088460
                9             6              12            8                0.782064
               12             8              13            1                0.978125
               14             8              15            1                0.953111
               16             8              17            1                0.886018
               16             8              18            1                0.941466
               19             8              20            1                0.964247
               19             8              21            1                0.928749
               22             8              23            1                0.976267
               22             8              24            1                0.884359
               25             8              26            1                0.936223
               25             8              27            1                0.949549
               28             8              29            1                0.952342
               28             8              30            1                0.826660
               31             8              32            1                0.874873
               31             8              33            1                0.988564
               34             8              35            1                0.926043
               34             8              36            1                0.950112
               37             8              38            1                0.977295
               37             8              39            1                0.902602
               40             8              41            1                0.998279
               40             8              42            1                0.984097
               43             8              44            1                0.946759
               43             8              45            1                0.903014
               46             8              47            1                0.939220
               46             8              48            1                0.931253
               49             8              50            1                0.949231
               49             8              51            1                0.842102
               52             8              53            1                0.952416
               52             8              54            1                0.964218
               55             8              56            1                0.866953
               55             8              57            1                1.011892
               58             8              59            1                0.989430
               58             8              60            1                0.897470
               61             8              62            1                0.918827
               61             8              63            1                0.857291
               64             8              65            1                0.912032
               64             8              66            1                0.864895
               67             8              68            1                0.949641
               67             8              69            1                0.885357
               70             8              71            1                0.905565
               70             8              72            1                0.913929
               73             8              74            1                0.897598
               73             8              75            1                0.966443
               76             8              77            1                0.931536
               76             8              78            1                0.963487
               79             8              80            1                0.906262
               79             8              81            1                0.893925
               82             8              83            1                1.013352
               82             8              84            1                0.977642
               85             8              86            1                0.915084
               85             8              87            1                0.845511
               88             8              89            1                0.852614
               88             8              90            1                0.925277
               91             8              92            1                0.927396
               91             8              93            1                0.891483
               94             8              95            1                0.983647
               94             8              96            1                0.873073
               97             8              98            1                0.954996
               97             8              99            1                0.828626
# -----------------------------------------------------------
$ SCF_Electric_Properties
   description: The SCF Calculated Electric Properties
   geom. index: 1
   prop. index: 1
       Filename                          : final023.orca.scfp 
       Do Dipole Moment Calculation      : true 
       Do Quadrupole Moment Calculation  : false 
       Do Polarizability Calculation     : false 
** Dipole moment part of electric properties **
        Magnitude of dipole moment (Debye) :       35.1163108558
        Electronic Contribution:
                  0    
      0       0.481174
      1      -0.127362
      2      -0.982592
        Nuclear Contribution:
                  0    
      0      -8.893198
      1       7.540600
      2      -7.089019
        Total Dipole moment:
                  0    
      0      -8.412024
      1       7.413238
      2      -8.071611
# -------------------------------------------------------------
----------------------- !GEOMETRIES! ------------------------
# -------------------------------------------------------------
------------------------ !GEOMETRY! -------------------------
    Number of atoms:    598 
    Geometry Index:     1 
    Coordinates:
               0 C     11.400000000000   12.250000000000   10.920000000000
               1 H     10.870000000000   12.850000000000   10.160000000000
               2 H     12.010000000000   11.500000000000   10.360000000000
               3 C     10.370000000000   11.750000000000   12.020000000000
               4 H     10.830000000000   11.810000000000   13.050000000000
               5 H      9.530000000000   12.470000000000   12.010000000000
               6 C      9.820000000000   10.350000000000   11.910000000000
               7 H      8.800000000000   10.390000000000   12.260000000000
               8 H     10.260000000000    9.680000000000   12.680000000000
               9 C      9.920000000000    9.680000000000   10.590000000000
              10 H      9.620000000000    8.700000000000   10.560000000000
              11 H     11.000000000000    9.790000000000   10.360000000000
              12 O      9.310000000000   10.480000000000    9.590000000000
              13 H      9.360000000000    9.890000000000    8.820000000000
              14 O     12.300000000000   13.170000000000   11.600000000000
              15 H     13.060000000000   12.660000000000   11.920000000000
              16 O      5.980000000000   11.650000000000   12.700000000000
              17 H      6.050000000000   10.690000000000   12.560000000000
              18 H      5.090000000000   11.840000000000   12.330000000000
              19 O      8.450000000000   11.350000000000   14.860000000000
              20 H      8.090000000000   11.950000000000   14.240000000000
              21 H      9.350000000000   11.600000000000   15.040000000000
              22 O     12.620000000000    9.000000000000   12.900000000000
              23 H     13.510000000000    8.760000000000   12.650000000000
              24 H     11.990000000000    8.300000000000   12.580000000000
              25 O     10.550000000000   15.580000000000   10.160000000000
              26 H     11.020000000000   16.390000000000    9.860000000000
              27 H     10.970000000000   15.280000000000   10.950000000000
              28 O     13.610000000000   15.210000000000   10.270000000000
              29 H     13.040000000000   15.250000000000    9.520000000000
              30 H     13.170000000000   14.630000000000   10.940000000000
              31 O     11.480000000000   13.970000000000    8.210000000000
              32 H     10.850000000000   14.200000000000    8.930000000000
              33 H     11.470000000000   14.590000000000    7.490000000000
              34 O     14.740000000000   12.250000000000   12.100000000000
              35 H     15.260000000000   11.660000000000   12.690000000000
              36 H     15.170000000000   12.090000000000   11.210000000000
              37 O     13.510000000000   12.340000000000    8.520000000000
              38 H     14.180000000000   12.890000000000    8.890000000000
              39 H     12.790000000000   12.970000000000    8.360000000000
              40 O      3.750000000000   12.680000000000   11.110000000000
              41 H      3.000000000000   12.220000000000   10.810000000000
              42 H      3.520000000000   13.560000000000   10.910000000000
              43 O     15.240000000000   14.670000000000   13.500000000000
              44 H     14.360000000000   15.100000000000   13.640000000000
              45 H     14.960000000000   13.940000000000   12.930000000000
              46 O     15.360000000000    7.510000000000   12.740000000000
              47 H     15.790000000000    7.930000000000   12.000000000000
              48 H     15.450000000000    8.020000000000   13.530000000000
              49 O     14.740000000000   17.360000000000   11.370000000000
              50 H     15.460000000000   16.720000000000   11.500000000000
              51 H     14.240000000000   16.820000000000   10.720000000000
              52 O     11.690000000000    9.290000000000    7.070000000000
              53 H     12.170000000000   10.050000000000    6.680000000000
              54 H     12.350000000000    8.710000000000    7.380000000000
              55 O      7.840000000000   11.510000000000   17.500000000000
              56 H      7.660000000000   11.710000000000   16.540000000000
              57 H      7.180000000000   11.940000000000   17.950000000000
              58 O     11.070000000000    6.780000000000   12.430000000000
              59 H     10.930000000000    6.440000000000   11.560000000000
              60 H     10.240000000000    6.820000000000   12.920000000000
              61 O     11.100000000000   11.570000000000   15.610000000000
              62 H     11.440000000000   12.260000000000   15.020000000000
              63 H     11.510000000000   10.680000000000   15.430000000000
              64 O      8.900000000000    8.490000000000   15.550000000000
              65 H      9.850000000000    8.580000000000   15.670000000000
              66 H      8.530000000000    9.430000000000   15.320000000000
              67 O      7.600000000000   14.720000000000    9.550000000000
              68 H      8.470000000000   15.010000000000    9.910000000000
              69 H      7.580000000000   13.740000000000    9.770000000000
              70 O      5.930000000000    9.070000000000   12.030000000000
              71 H      6.230000000000    8.730000000000   11.140000000000
              72 H      5.960000000000    8.290000000000   12.600000000000
              73 O     14.500000000000    9.870000000000    9.360000000000
              74 H     14.010000000000   10.710000000000    9.420000000000
              75 H     13.950000000000    9.230000000000    8.980000000000
              76 O     12.230000000000   13.840000000000   14.810000000000
              77 H     12.180000000000   14.460000000000   14.020000000000
              78 H     11.840000000000   14.440000000000   15.440000000000
              79 O     11.700000000000    8.710000000000   15.450000000000
              80 H     12.010000000000    8.340000000000   16.350000000000
              81 H     12.400000000000    8.600000000000   14.770000000000
              82 O     11.390000000000   17.910000000000    8.840000000000
              83 H     11.980000000000   18.560000000000    9.160000000000
              84 H     11.680000000000   17.890000000000    7.910000000000
              85 O      9.740000000000   15.400000000000   13.260000000000
              86 H      9.540000000000   16.000000000000   12.500000000000
              87 H      9.050000000000   14.700000000000   13.180000000000
              88 O      7.530000000000   13.670000000000   13.380000000000
              89 H      6.920000000000   13.050000000000   12.910000000000
              90 H      7.120000000000   13.870000000000   14.260000000000
              91 O      8.920000000000    8.630000000000    6.800000000000
              92 H      8.430000000000    7.780000000000    7.040000000000
              93 H      9.870000000000    8.510000000000    6.940000000000
              94 O      8.510000000000   11.470000000000    6.400000000000
              95 H      9.450000000000   11.720000000000    6.320000000000
              96 H      8.600000000000   10.480000000000    6.360000000000
              97 O      6.940000000000   11.810000000000    9.760000000000
              98 H      6.390000000000   11.640000000000   10.540000000000
              99 H      7.750000000000   11.220000000000    9.880000000000
             100 Q      4.340000000000    2.760000000000    8.020000000000
             101 Q      3.300000000000    2.980000000000    9.200000000000
             102 Q      3.960000000000    2.600000000000    8.770000000000
             103 Q      8.520000000000   10.230000000000   18.440000000000
             104 Q      8.430000000000    8.690000000000   18.320000000000
             105 Q      8.690000000000    9.400000000000   18.680000000000
             106 Q     21.420000000000   13.120000000000    8.810000000000
             107 Q     22.300000000000   12.060000000000    7.880000000000
             108 Q     21.730000000000   12.710000000000    8.070000000000
             109 Q     16.000000000000   13.880000000000    9.930000000000
             110 Q     16.130000000000   13.140000000000    8.620000000000
             111 Q     15.910000000000   13.220000000000    9.430000000000
             112 Q      3.020000000000    4.750000000000    3.810000000000
             113 Q      3.870000000000    5.470000000000    4.900000000000
             114 Q      3.670000000000    4.840000000000    4.350000000000
             115 Q      0.640000000000    9.950000000000   10.090000000000
             116 Q      1.980000000000   10.770000000000    9.560000000000
             117 Q      1.330000000000   10.530000000000   10.130000000000
             118 Q     18.510000000000   18.890000000000   10.460000000000
             119 Q     18.300000000000   17.740000000000    9.550000000000
             120 Q     18.480000000000   18.070000000000   10.260000000000
             121 Q      8.790000000000   18.460000000000    5.570000000000
             122 Q      9.830000000000   17.530000000000    5.860000000000
             123 Q      9.130000000000   17.910000000000    6.040000000000
             124 Q     16.140000000000   10.290000000000    7.960000000000
             125 Q     16.670000000000   11.000000000000    6.640000000000
             126 Q     16.690000000000   10.740000000000    7.470000000000
             127 Q     15.670000000000   12.020000000000    4.290000000000
             128 Q     15.840000000000   10.610000000000    4.550000000000
             129 Q     15.700000000000   11.380000000000    4.790000000000
             130 Q     20.780000000000   14.850000000000   10.250000000000
             131 Q     19.680000000000   13.770000000000   10.190000000000
             132 Q     20.460000000000   14.080000000000   10.110000000000
             133 Q      7.960000000000    6.210000000000    1.190000000000
             134 Q      6.660000000000    5.300000000000    0.890000000000
             135 Q      7.480000000000    5.610000000000    0.780000000000
             136 Q     13.590000000000    2.290000000000   12.400000000000
             137 Q     12.060000000000    2.880000000000   12.310000000000
             138 Q     12.710000000000    2.290000000000   12.430000000000
             139 Q      6.740000000000   21.600000000000   12.900000000000
             140 Q      6.790000000000   20.560000000000   11.730000000000
             141 Q      7.090000000000   21.170000000000   12.230000000000
             142 Q     17.460000000000   12.280000000000   10.240000000000
             143 Q     18.330000000000   12.370000000000   11.700000000000
             144 Q     18.130000000000   12.180000000000   10.830000000000
             145 Q      5.440000000000   12.380000000000   19.350000000000
             146 Q      6.280000000000   13.590000000000   19.180000000000
             147 Q      5.760000000000   13.010000000000   18.910000000000
             148 Q     13.150000000000    4.560000000000   11.310000000000
             149 Q     11.700000000000    4.430000000000   10.740000000000
             150 Q     12.560000000000    4.360000000000   10.720000000000
             151 Q     11.580000000000   12.980000000000    5.360000000000
             152 Q     11.610000000000   13.820000000000    4.180000000000
             153 Q     11.210000000000   13.400000000000    4.770000000000
             154 Q     16.690000000000   16.600000000000    5.270000000000
             155 Q     17.140000000000   16.940000000000    6.710000000000
             156 Q     16.690000000000   17.050000000000    5.980000000000
             157 Q      0.800000000000    8.490000000000   14.640000000000
             158 Q      1.990000000000    8.420000000000   13.600000000000
             159 Q      1.460000000000    8.150000000000   14.220000000000
             160 Q     17.280000000000   11.220000000000   13.640000000000
             161 Q     16.210000000000   11.520000000000   14.760000000000
             162 Q     16.540000000000   11.140000000000   14.050000000000
             163 Q      8.420000000000    5.230000000000   10.400000000000
             164 Q      8.800000000000    4.890000000000    8.980000000000
             165 Q      8.550000000000    5.380000000000    9.590000000000
             166 Q     11.440000000000   12.210000000000   21.030000000000
             167 Q     11.240000000000   11.380000000000   19.850000000000
             168 Q     10.970000000000   11.770000000000   20.520000000000
             169 Q     13.950000000000   17.030000000000    7.220000000000
             170 Q     12.710000000000   17.160000000000    6.240000000000
             171 Q     13.260000000000   16.780000000000    6.760000000000
             172 Q     11.240000000000   11.020000000000    2.520000000000
             173 Q     12.050000000000   11.620000000000    3.720000000000
             174 Q     11.920000000000   11.150000000000    3.040000000000
             175 Q      3.770000000000    9.510000000000   15.900000000000
             176 Q      2.830000000000    8.390000000000   15.350000000000
             177 Q      3.560000000000    8.730000000000   15.640000000000
             178 Q      6.730000000000    4.440000000000   16.440000000000
             179 Q      6.510000000000    5.760000000000   15.580000000000
             180 Q      6.350000000000    5.190000000000   16.230000000000
             181 Q      6.390000000000   16.680000000000   18.360000000000
             182 Q      6.860000000000   17.860000000000   17.300000000000
             183 Q      6.730000000000   17.060000000000   17.640000000000
             184 Q      4.490000000000    4.550000000000   16.550000000000
             185 Q      3.960000000000    3.710000000000   15.510000000000
             186 Q      3.930000000000    4.010000000000   16.250000000000
             187 Q      2.660000000000   12.260000000000    7.540000000000
             188 Q      3.050000000000   10.970000000000    7.010000000000
             189 Q      2.720000000000   11.430000000000    7.570000000000
             190 Q     10.530000000000   15.950000000000   16.670000000000
             191 Q     10.560000000000   14.580000000000   17.550000000000
             192 Q     10.890000000000   15.270000000000   17.090000000000
             193 Q      4.440000000000   14.880000000000    3.230000000000
             194 Q      4.310000000000   14.860000000000    1.760000000000
             195 Q      4.660000000000   14.640000000000    2.490000000000
             196 Q     16.280000000000    6.350000000000   15.970000000000
             197 Q     14.940000000000    5.530000000000   15.880000000000
             198 Q     15.540000000000    6.060000000000   16.230000000000
             199 Q      9.310000000000   18.190000000000   11.480000000000
             200 Q      8.670000000000   18.190000000000   12.950000000000
             201 Q      9.290000000000   18.070000000000   12.370000000000
             202 Q     13.670000000000   11.390000000000    1.570000000000
             203 Q     14.500000000000   10.540000000000    0.540000000000
             204 Q     14.190000000000   11.240000000000    0.900000000000
             205 Q     11.820000000000    1.980000000000   17.820000000000
             206 Q     13.350000000000    2.250000000000   18.050000000000
             207 Q     12.600000000000    2.320000000000   17.660000000000
             208 Q     14.990000000000   10.710000000000   16.950000000000
             209 Q     13.830000000000   10.540000000000   17.750000000000
             210 Q     14.560000000000   10.300000000000   17.490000000000
             211 Q     15.090000000000   17.870000000000   19.100000000000
             212 Q     13.810000000000   17.070000000000   19.420000000000
             213 Q     14.570000000000   17.180000000000   19.070000000000
             214 Q     20.520000000000   17.200000000000   10.760000000000
             215 Q     21.280000000000   16.230000000000   11.720000000000
             216 Q     21.050000000000   16.570000000000   10.970000000000
             217 Q      8.910000000000    8.460000000000    2.080000000000
             218 Q      7.440000000000    8.580000000000    1.820000000000
             219 Q      8.150000000000    8.170000000000    1.890000000000
             220 Q     17.040000000000   11.510000000000   19.880000000000
             221 Q     16.510000000000   12.950000000000   19.700000000000
             222 Q     16.980000000000   12.340000000000   20.070000000000
             223 Q      3.590000000000   11.800000000000   16.530000000000
             224 Q      5.010000000000   12.050000000000   15.890000000000
             225 Q      4.360000000000   11.590000000000   16.200000000000
             226 Q      7.870000000000   15.200000000000   20.730000000000
             227 Q      8.190000000000   14.330000000000   19.570000000000
             228 Q      7.700000000000   14.850000000000   20.000000000000
             229 Q     11.850000000000   11.360000000000   17.390000000000
             230 Q     12.900000000000   12.140000000000   18.120000000000
             231 Q     12.420000000000   11.470000000000   18.010000000000
             232 Q     15.270000000000   14.930000000000    4.500000000000
             233 Q     14.400000000000   15.330000000000    5.720000000000
             234 Q     14.930000000000   14.850000000000    5.290000000000
             235 Q     10.330000000000    4.030000000000    3.550000000000
             236 Q     11.870000000000    3.520000000000    3.660000000000
             237 Q     11.120000000000    3.910000000000    3.910000000000
             238 Q     15.360000000000    6.650000000000   19.930000000000
             239 Q     14.310000000000    6.590000000000   18.790000000000
             240 Q     14.690000000000    6.340000000000   19.540000000000
             241 Q      6.520000000000   19.110000000000   14.450000000000
             242 Q      7.550000000000   18.010000000000   14.630000000000
             243 Q      7.070000000000   18.500000000000   14.180000000000
             244 Q     20.150000000000    9.230000000000   15.570000000000
             245 Q     21.100000000000   10.190000000000   14.750000000000
             246 Q     20.820000000000    9.430000000000   15.090000000000
             247 Q     15.530000000000   15.350000000000   16.210000000000
             248 Q     14.750000000000   16.330000000000   17.160000000000
             249 Q     15.050000000000   16.020000000000   16.410000000000
             250 Q      8.130000000000   14.640000000000    5.750000000000
             251 Q      9.160000000000   13.990000000000    4.890000000000
             252 Q      8.410000000000   14.370000000000    5.010000000000
             253 Q     18.880000000000    8.340000000000   12.770000000000
             254 Q     19.830000000000    7.970000000000   13.830000000000
             255 Q     19.220000000000    7.820000000000   13.280000000000
             256 Q      9.080000000000    5.490000000000   14.320000000000
             257 Q      8.520000000000    6.930000000000   14.020000000000
             258 Q      8.830000000000    6.170000000000   13.860000000000
             259 Q     17.270000000000    6.490000000000    8.880000000000
             260 Q     16.280000000000    5.400000000000    8.600000000000
             261 Q     17.010000000000    5.690000000000    8.860000000000
             262 Q      6.240000000000   11.000000000000    2.810000000000
             263 Q      4.890000000000   10.180000000000    2.800000000000
             264 Q      5.560000000000   10.650000000000    2.460000000000
             265 Q     16.960000000000    8.390000000000    3.660000000000
             266 Q     15.720000000000    8.330000000000    4.490000000000
             267 Q     16.300000000000    8.700000000000    4.020000000000
             268 Q      3.980000000000    9.050000000000   12.090000000000
             269 Q      2.640000000000    9.420000000000   11.270000000000
             270 Q      3.140000000000    9.180000000000   11.980000000000
             271 Q     -0.370000000000   12.460000000000   15.360000000000
             272 Q      0.850000000000   12.040000000000   14.500000000000
             273 Q      0.070000000000   11.980000000000   14.820000000000
             274 Q      3.980000000000   12.740000000000    3.560000000000
             275 Q      2.520000000000   12.620000000000    4.150000000000
             276 Q      3.360000000000   12.510000000000    4.110000000000
             277 Q     16.350000000000   14.830000000000   18.410000000000
             278 Q     14.870000000000   14.250000000000   18.420000000000
             279 Q     15.710000000000   14.250000000000   18.260000000000
             280 Q     18.790000000000    6.350000000000   11.670000000000
             281 Q     18.480000000000    5.570000000000   10.470000000000
             282 Q     18.900000000000    5.720000000000   11.160000000000
             283 Q     11.700000000000    1.520000000000   14.270000000000
             284 Q     10.460000000000    0.660000000000   14.550000000000
             285 Q     10.990000000000    1.320000000000   14.660000000000
             286 Q      5.370000000000   18.400000000000   10.760000000000
             287 Q      5.910000000000   18.550000000000   12.180000000000
             288 Q      5.400000000000   18.740000000000   11.540000000000
             289 Q     12.600000000000   14.690000000000   18.140000000000
             290 Q     13.020000000000   13.920000000000   19.430000000000
             291 Q     13.050000000000   14.170000000000   18.600000000000
             292 Q     11.080000000000    9.610000000000   21.110000000000
             293 Q     11.760000000000    8.610000000000   20.110000000000
             294 Q     11.570000000000    8.940000000000   20.890000000000
             295 Q     16.040000000000    8.780000000000    9.860000000000
             296 Q     17.490000000000    8.870000000000   10.460000000000
             297 Q     16.740000000000    8.490000000000   10.250000000000
             298 Q      5.190000000000    9.740000000000   20.310000000000
             299 Q      4.740000000000   11.170000000000   20.690000000000
             300 Q      5.040000000000   10.540000000000   20.180000000000
             301 Q      2.300000000000   11.130000000000   12.920000000000
             302 Q      3.130000000000   11.550000000000   14.040000000000
             303 Q      2.500000000000   11.650000000000   13.520000000000
             304 Q      2.830000000000    5.010000000000   12.910000000000
             305 Q      4.220000000000    4.540000000000   13.140000000000
             306 Q      3.640000000000    5.060000000000   12.840000000000
             307 Q      5.380000000000   16.680000000000   16.410000000000
             308 Q      5.020000000000   17.390000000000   15.030000000000
             309 Q      5.020000000000   16.770000000000   15.620000000000
             310 Q     14.090000000000   17.500000000000   13.060000000000
             311 Q     14.260000000000   17.060000000000   14.510000000000
             312 Q     13.850000000000   17.340000000000   13.860000000000
             313 Q      6.020000000000   12.480000000000    8.210000000000
             314 Q      6.210000000000   12.920000000000    6.690000000000
             315 Q      5.820000000000   12.860000000000    7.450000000000
             316 Q     13.850000000000    7.510000000000    7.160000000000
             317 Q     13.770000000000    6.900000000000    8.570000000000
             318 Q     13.620000000000    7.450000000000    7.960000000000
             319 Q      6.400000000000    8.290000000000   17.450000000000
             320 Q      6.410000000000    6.790000000000   17.370000000000
             321 Q      6.620000000000    7.510000000000   17.700000000000
             322 Q     18.110000000000    6.690000000000   14.660000000000
             323 Q     18.890000000000    5.630000000000   15.560000000000
             324 Q     18.230000000000    6.130000000000   15.300000000000
             325 Q      2.310000000000   16.280000000000   10.330000000000
             326 Q      2.430000000000   15.210000000000   11.430000000000
             327 Q      2.590000000000   15.570000000000   10.670000000000
             328 Q      0.960000000000    7.450000000000    7.440000000000
             329 Q      1.780000000000    6.770000000000    8.720000000000
             330 Q      1.420000000000    6.850000000000    7.910000000000
             331 Q      3.590000000000   15.760000000000    7.490000000000
             332 Q      4.910000000000   16.410000000000    6.950000000000
             333 Q      4.080000000000   16.360000000000    7.140000000000
             334 Q     15.810000000000    9.570000000000   14.700000000000
             335 Q     15.280000000000    8.810000000000   15.990000000000
             336 Q     15.720000000000    8.930000000000   15.260000000000
             337 Q     17.680000000000   15.690000000000   10.300000000000
             338 Q     17.390000000000   15.260000000000   11.700000000000
             339 Q     17.250000000000   15.270000000000   10.870000000000
             340 Q      3.720000000000   10.380000000000    4.740000000000
             341 Q      5.120000000000   10.300000000000    5.150000000000
             342 Q      4.410000000000    9.960000000000    4.890000000000
             343 Q     12.150000000000    1.350000000000    6.850000000000
             344 Q     12.630000000000    2.860000000000    7.080000000000
             345 Q     12.710000000000    2.020000000000    6.870000000000
             346 Q      8.860000000000   10.520000000000    1.340000000000
             347 Q      9.120000000000   10.770000000000    2.810000000000
             348 Q      9.300000000000   10.440000000000    2.050000000000
             349 Q     10.070000000000    7.840000000000    4.810000000000
             350 Q     10.130000000000    6.420000000000    4.250000000000
             351 Q     10.390000000000    7.210000000000    4.340000000000
             352 Q     18.690000000000   16.940000000000   12.290000000000
             353 Q     18.020000000000   16.680000000000   13.680000000000
             354 Q     18.540000000000   16.500000000000   13.010000000000
             355 Q     12.220000000000   22.340000000000   12.120000000000
             356 Q     11.670000000000   21.130000000000   11.120000000000
             357 Q     11.960000000000   21.510000000000   11.880000000000
             358 Q     12.760000000000   20.950000000000   15.600000000000
             359 Q     12.510000000000   22.240000000000   16.420000000000
             360 Q     12.870000000000   21.490000000000   16.230000000000
             361 Q      5.710000000000   13.860000000000   16.640000000000
             362 Q      5.430000000000   14.680000000000   15.340000000000
             363 Q      5.720000000000   14.030000000000   15.810000000000
             364 Q      9.980000000000   20.360000000000    9.540000000000
             365 Q     10.810000000000   21.200000000000    8.610000000000
             366 Q     10.490000000000   21.020000000000    9.340000000000
             367 Q      4.930000000000    6.440000000000   13.720000000000
             368 Q      5.010000000000    7.540000000000   14.660000000000
             369 Q      5.330000000000    7.020000000000   14.120000000000
             370 Q      7.890000000000   18.540000000000    9.510000000000
             371 Q      9.370000000000   18.340000000000    9.170000000000
             372 Q      8.720000000000   18.720000000000    9.520000000000
             373 Q      5.770000000000    4.420000000000    3.680000000000
             374 Q      7.280000000000    4.930000000000    3.710000000000
             375 Q      6.630000000000    4.360000000000    3.640000000000
             376 Q      6.820000000000    4.150000000000   11.470000000000
             377 Q      7.330000000000    5.270000000000   12.440000000000
             378 Q      6.870000000000    4.950000000000   11.780000000000
             379 Q     13.650000000000   12.050000000000    5.370000000000
             380 Q     13.340000000000   11.670000000000    6.830000000000
             381 Q     13.160000000000   11.850000000000    6.020000000000
             382 Q     11.240000000000   18.070000000000    3.870000000000
             383 Q     11.980000000000   16.800000000000    4.010000000000
             384 Q     11.640000000000   17.500000000000    4.300000000000
             385 Q     15.530000000000   13.050000000000   16.650000000000
             386 Q     14.450000000000   13.000000000000   15.430000000000
             387 Q     15.090000000000   12.760000000000   15.950000000000
             388 Q      3.260000000000   14.610000000000    8.970000000000
             389 Q      4.110000000000   13.630000000000    7.980000000000
             390 Q      3.400000000000   14.090000000000    8.280000000000
             391 Q      2.490000000000   14.880000000000   14.910000000000
             392 Q      3.170000000000   15.860000000000   15.840000000000
             393 Q      2.670000000000   15.220000000000   15.660000000000
             394 Q     10.460000000000    3.340000000000   14.830000000000
             395 Q     10.310000000000    4.460000000000   16.050000000000
             396 Q     10.140000000000    4.030000000000   15.290000000000
             397 Q     13.330000000000    1.980000000000   10.170000000000
             398 Q     13.830000000000    1.830000000000    8.640000000000
             399 Q     13.850000000000    1.710000000000    9.500000000000
             400 Q     16.350000000000   14.050000000000    6.470000000000
             401 Q     17.840000000000   13.680000000000    6.440000000000
             402 Q     17.100000000000   13.870000000000    6.830000000000
             403 Q      8.800000000000   20.470000000000   13.850000000000
             404 Q     10.110000000000   19.700000000000   14.120000000000
             405 Q      9.560000000000   20.330000000000   14.230000000000
             406 Q      7.580000000000   13.050000000000    1.040000000000
             407 Q      6.460000000000   14.020000000000    1.540000000000
             408 Q      7.240000000000   13.700000000000    1.510000000000
             409 Q     18.090000000000   14.860000000000   17.530000000000
             410 Q     18.020000000000   16.380000000000   17.900000000000
             411 Q     18.020000000000   15.540000000000   18.020000000000
             412 Q      6.020000000000    5.180000000000    7.300000000000
             413 Q      6.120000000000    4.240000000000    8.570000000000
             414 Q      5.890000000000    4.470000000000    7.790000000000
             415 Q      6.100000000000   16.920000000000    9.030000000000
             416 Q      5.940000000000   18.310000000000    8.620000000000
             417 Q      6.120000000000   17.710000000000    9.150000000000
             418 Q     20.030000000000   12.100000000000   13.540000000000
             419 Q     18.750000000000   12.660000000000   14.140000000000
             420 Q     19.210000000000   12.270000000000   13.560000000000
             421 Q      2.750000000000    6.980000000000    6.500000000000
             422 Q      3.610000000000    7.760000000000    5.560000000000
             423 Q      3.410000000000    7.110000000000    6.020000000000
             424 Q      6.990000000000   20.480000000000   17.620000000000
             425 Q      7.990000000000   19.790000000000   16.570000000000
             426 Q      7.230000000000   19.930000000000   16.980000000000
             427 Q     19.360000000000    8.130000000000   17.570000000000
             428 Q     18.370000000000    9.280000000000   17.690000000000
             429 Q     19.070000000000    8.890000000000   17.410000000000
             430 Q      7.570000000000   16.010000000000    3.850000000000
             431 Q      6.570000000000   15.500000000000    2.890000000000
             432 Q      6.940000000000   16.090000000000    3.350000000000
             433 Q     17.640000000000   15.240000000000    8.020000000000
             434 Q     18.730000000000   16.350000000000    8.050000000000
             435 Q     18.010000000000   15.960000000000    8.260000000000
             436 Q      7.020000000000    1.650000000000   10.740000000000
             437 Q      5.540000000000    2.050000000000   10.650000000000
             438 Q      6.300000000000    2.010000000000   11.020000000000
             439 Q     12.130000000000   20.240000000000   13.320000000000
             440 Q     12.580000000000   18.900000000000   14.080000000000
             441 Q     12.400000000000   19.750000000000   14.000000000000
             442 Q     12.890000000000   13.810000000000   22.190000000000
             443 Q     13.530000000000   12.620000000000   21.630000000000
             444 Q     13.030000000000   13.260000000000   21.600000000000
             445 Q     13.840000000000    4.450000000000   13.870000000000
             446 Q     14.270000000000    5.590000000000   12.990000000000
             447 Q     14.140000000000    4.790000000000   13.170000000000
             448 Q      3.780000000000    2.150000000000   13.790000000000
             449 Q      5.350000000000    2.250000000000   13.860000000000
             450 Q      4.550000000000    2.530000000000   13.860000000000
             451 Q     16.180000000000   20.810000000000   10.210000000000
             452 Q     15.150000000000   21.960000000000   10.250000000000
             453 Q     15.800000000000   21.490000000000   10.530000000000
             454 Q      7.510000000000    7.840000000000   21.620000000000
             455 Q      7.910000000000    8.640000000000   20.510000000000
             456 Q      7.360000000000    8.340000000000   21.010000000000
             457 Q     11.570000000000    4.150000000000   17.860000000000
             458 Q     10.260000000000    4.670000000000   18.650000000000
             459 Q     10.880000000000    4.670000000000   18.000000000000
             460 Q     14.200000000000    7.260000000000    4.570000000000
             461 Q     15.180000000000    6.480000000000    5.510000000000
             462 Q     14.650000000000    7.130000000000    5.300000000000
             463 Q     12.150000000000    4.360000000000    5.910000000000
             464 Q     11.710000000000    4.940000000000    7.310000000000
             465 Q     12.220000000000    4.520000000000    6.760000000000
             466 Q      7.920000000000    2.410000000000   17.340000000000
             467 Q      8.510000000000    3.040000000000   15.950000000000
             468 Q      8.000000000000    2.590000000000   16.460000000000
             469 Q      9.170000000000   12.630000000000   17.960000000000
             470 Q      9.790000000000   12.860000000000   19.340000000000
             471 Q      9.420000000000   13.090000000000   18.600000000000
             472 Q     15.560000000000   21.480000000000   12.770000000000
             473 Q     14.360000000000   20.730000000000   13.600000000000
             474 Q     15.070000000000   21.220000000000   13.470000000000
             475 Q      2.000000000000   13.400000000000   16.670000000000
             476 Q      1.100000000000   12.270000000000   17.060000000000
             477 Q      1.820000000000   12.580000000000   16.820000000000
             478 Q      9.680000000000    2.850000000000   11.740000000000
             479 Q      9.720000000000    4.170000000000   12.530000000000
             480 Q      9.740000000000    3.690000000000   11.830000000000
             481 Q     16.910000000000    9.220000000000   19.740000000000
             482 Q     16.310000000000    9.780000000000   18.490000000000
             483 Q     16.880000000000    9.730000000000   19.080000000000
             484 Q     17.250000000000   18.120000000000   14.980000000000
             485 Q     16.520000000000   16.910000000000   15.730000000000
             486 Q     17.150000000000   17.330000000000   15.330000000000
             487 Q     13.260000000000   19.390000000000    5.840000000000
             488 Q     13.520000000000   19.300000000000    7.410000000000
             489 Q     13.100000000000   19.490000000000    6.700000000000
             490 Q     13.770000000000    6.140000000000    2.540000000000
             491 Q     13.660000000000    5.400000000000    1.240000000000
             492 Q     14.040000000000    5.790000000000    1.840000000000
             493 Q     13.340000000000   14.990000000000    3.300000000000
             494 Q     11.990000000000   15.230000000000    2.370000000000
             495 Q     12.500000000000   15.220000000000    3.090000000000
             496 Q     15.510000000000    2.670000000000   10.830000000000
             497 Q     15.480000000000    3.510000000000   12.110000000000
             498 Q     15.720000000000    2.860000000000   11.610000000000
             499 Q     10.270000000000    3.560000000000    7.270000000000
             500 Q      9.160000000000    2.900000000000    8.000000000000
             501 Q      9.520000000000    3.530000000000    7.580000000000
             502 Q      9.210000000000   18.470000000000   18.810000000000
             503 Q      8.810000000000   17.170000000000   19.530000000000
             504 Q      9.030000000000   17.960000000000   19.490000000000
             505 Q     10.210000000000    0.460000000000   11.990000000000
             506 Q      8.700000000000    0.370000000000   12.310000000000
             507 Q      9.440000000000    0.770000000000   12.040000000000
             508 Q      8.560000000000    4.700000000000    5.890000000000
             509 Q      7.710000000000    5.880000000000    5.590000000000
             510 Q      8.320000000000    5.340000000000    5.450000000000
             511 Q     12.850000000000    8.770000000000    2.920000000000
             512 Q     12.160000000000    7.820000000000    3.670000000000
             513 Q     12.810000000000    8.060000000000    3.250000000000
             514 Q      7.540000000000   12.560000000000    3.540000000000
             515 Q      7.800000000000   11.650000000000    4.670000000000
             516 Q      7.640000000000   11.810000000000    3.880000000000
             517 Q     10.170000000000   18.750000000000   16.500000000000
             518 Q     10.240000000000   20.220000000000   17.080000000000
             519 Q     10.040000000000   19.370000000000   17.050000000000
             520 Q     20.250000000000   15.830000000000   13.280000000000
             521 Q     21.210000000000   16.910000000000   13.680000000000
             522 Q     21.000000000000   16.120000000000   13.500000000000
             523 Q      6.450000000000    3.100000000000    6.590000000000
             524 Q      6.800000000000    2.740000000000    5.140000000000
             525 Q      6.640000000000    2.580000000000    5.920000000000
             526 Q     14.140000000000    5.070000000000    7.110000000000
             527 Q     15.420000000000    4.220000000000    6.790000000000
             528 Q     14.970000000000    4.840000000000    7.160000000000
             529 Q      8.170000000000   16.770000000000   16.310000000000
             530 Q      8.970000000000   16.330000000000   14.980000000000
             531 Q      8.830000000000   16.770000000000   15.710000000000
             532 Q      6.360000000000    7.140000000000    7.780000000000
             533 Q      5.810000000000    7.260000000000    6.320000000000
             534 Q      6.350000000000    7.010000000000    6.900000000000
             535 Q     11.320000000000    6.880000000000   18.240000000000
             536 Q     10.690000000000    8.340000000000   18.310000000000
             537 Q     11.290000000000    7.730000000000   18.180000000000
             538 Q     14.530000000000    3.190000000000   15.790000000000
             539 Q     13.130000000000    3.270000000000   16.180000000000
             540 Q     13.800000000000    3.560000000000   15.780000000000
             541 Q      1.820000000000   13.640000000000   13.100000000000
             542 Q      0.940000000000   14.940000000000   13.330000000000
             543 Q      1.650000000000   14.490000000000   13.130000000000
             544 Q      2.530000000000   13.250000000000   18.640000000000
             545 Q      3.860000000000   13.660000000000   18.590000000000
             546 Q      3.110000000000   13.750000000000   18.850000000000
             547 Q      3.170000000000    7.540000000000   17.390000000000
             548 Q      3.540000000000    7.330000000000   18.890000000000
             549 Q      3.040000000000    7.480000000000   18.230000000000
             550 Q      8.270000000000    3.930000000000    2.620000000000
             551 Q      8.970000000000    4.590000000000    1.530000000000
             552 Q      8.950000000000    4.090000000000    2.180000000000
             553 Q     11.150000000000    6.630000000000    1.630000000000
             554 Q     10.990000000000    7.200000000000    0.280000000000
             555 Q     11.090000000000    6.570000000000    0.820000000000
             556 Q      7.450000000000   10.850000000000   21.430000000000
             557 Q      8.750000000000   11.560000000000   21.370000000000
             558 Q      7.990000000000   11.460000000000   21.670000000000
             559 Q      8.230000000000    5.450000000000   20.620000000000
             560 Q      7.840000000000    6.020000000000   19.180000000000
             561 Q      8.300000000000    5.550000000000   19.760000000000
             562 Q      7.910000000000    0.610000000000    8.280000000000
             563 Q      8.960000000000    0.550000000000    9.370000000000
             564 Q      8.430000000000    0.920000000000    8.850000000000
             565 Q     20.170000000000   11.390000000000    7.480000000000
             566 Q     18.880000000000   10.600000000000    7.380000000000
             567 Q     19.700000000000   10.710000000000    7.290000000000
             568 Q     11.830000000000   20.820000000000    6.700000000000
             569 Q     10.300000000000   21.190000000000    6.670000000000
             570 Q     11.120000000000   21.360000000000    6.670000000000
             571 Q     16.840000000000   14.050000000000   14.760000000000
             572 Q     18.080000000000   14.760000000000   14.900000000000
             573 Q     17.620000000000   14.090000000000   14.960000000000
             574 Q      5.120000000000    6.880000000000    9.930000000000
             575 Q      6.440000000000    6.560000000000   10.270000000000
             576 Q      5.900000000000    7.090000000000    9.980000000000
             577 Q     18.450000000000    9.890000000000    4.430000000000
             578 Q     19.710000000000   10.200000000000    5.180000000000
             579 Q     19.250000000000   10.150000000000    4.500000000000
             580 Q     15.120000000000   18.190000000000    9.460000000000
             581 Q     15.670000000000   18.200000000000    8.070000000000
             582 Q     15.040000000000   18.240000000000    8.660000000000
             583 Q      3.490000000000    5.910000000000   11.140000000000
             584 Q      3.290000000000    5.330000000000    9.750000000000
             585 Q      3.330000000000    5.960000000000   10.290000000000
             586 Q     15.690000000000   14.520000000000    2.340000000000
             587 Q     15.110000000000   16.050000000000    2.400000000000
             588 Q     15.110000000000   15.160000000000    2.480000000000
             589 Q     19.860000000000    9.230000000000   10.340000000000
             590 Q     19.150000000000   10.510000000000   10.640000000000
             591 Q     19.290000000000    9.690000000000   10.740000000000
             592 Q     19.760000000000   18.470000000000   16.890000000000
             593 Q     18.960000000000   17.440000000000   16.290000000000
             594 Q     19.560000000000   17.680000000000   16.800000000000
             595 Q      7.130000000000   15.610000000000    7.910000000000
             596 Q      7.410000000000   16.670000000000    6.860000000000
             597 Q      6.980000000000   16.100000000000    7.210000000000
