-------------------------------------------------------------
----------------------- !PROPERTIES! ------------------------
-------------------------------------------------------------
# -----------------------------------------------------------
$ PAL_Flags
   description: The PAL Flags
   geom. index: 1
   prop. index: 1
        Diskflag:     2
# -----------------------------------------------------------
$ SCF_Energy
   description: The SCF energy
   geom. index: 1
   prop. index: 1
        SCF Energy:    -2463.1004921727
# -----------------------------------------------------------
$ DFT_Energy
   description: The DFT energy
   geom. index: 1
   prop. index: 1
   Number of Alpha Electrons                155.0003439948 
   Number of Beta  Electrons                155.0003439948 
   Total number of  Electrons               310.0006879896 
   Exchange energy                         -217.2152082850 
   Correlation energy                       -12.5385662053 
   Correlation energy NL                      0.0000000000 
   Exchange-Correlation energy             -229.7537744903 
   Embedding correction                       0.0000000000 
   Total DFT Energy (No VdW correction)   -2463.1004921727 
# -----------------------------------------------------------
$ Mayer_Pop
   description: The Mayer population analysis
   geom. index: 1
   prop. index: 1
     Number of atoms                     : 610
     Threshold for printing              : 0.1000000
     Number of bond orders printed       : 70
  NA   - Mulliken gross atomic population
  ZA   - Total nuclear charge
  QA   - Mulliken gross atomic charge
  VA   - Mayer's total valence
  BVA  - Mayer's bonded valence
  FA   - Mayer's free valence
  ATOM       NA         ZA         QA         VA         BVA        FA
  0   0     6.2653     6.0000    -0.2653     3.4843     3.4843    -0.0000
  1   0     0.7809     1.0000     0.2191     0.9512     0.9512    -0.0000
  2   0     0.7915     1.0000     0.2085     0.9557     0.9557    -0.0000
  3   0     6.0334     6.0000    -0.0334     3.1645     3.1645     0.0000
  4   0     0.8488     1.0000     0.1512     1.0017     1.0017     0.0000
  5   0     0.8498     1.0000     0.1502     1.0216     1.0216    -0.0000
  6   0     6.2819     6.0000    -0.2819     3.4883     3.4883    -0.0000
  7   0     0.8528     1.0000     0.1472     1.0036     1.0036    -0.0000
  8   0     0.8651     1.0000     0.1349     0.9907     0.9907    -0.0000
  9   0     6.1182     6.0000    -0.1182     3.6029     3.6029    -0.0000
 10   0     0.8325     1.0000     0.1675     0.9523     0.9523    -0.0000
 11   0     0.8618     1.0000     0.1382     1.0017     1.0017     0.0000
 12   0     8.5870     8.0000    -0.5870     1.8669     1.8669    -0.0000
 13   0     0.7241     1.0000     0.2759     0.9902     0.9902    -0.0000
 14   0     8.5805     8.0000    -0.5805     1.8595     1.8595    -0.0000
 15   0     0.7327     1.0000     0.2673     0.9243     0.9243     0.0000
 16   0     8.6317     8.0000    -0.6317     1.8832     1.8832    -0.0000
 17   0     0.6362     1.0000     0.3638     0.8661     0.8661    -0.0000
 18   0     0.7381     1.0000     0.2619     0.9662     0.9662     0.0000
 19   0     8.6008     8.0000    -0.6008     1.9233     1.9233     0.0000
 20   0     0.7429     1.0000     0.2571     0.9606     0.9606     0.0000
 21   0     0.6728     1.0000     0.3272     0.9299     0.9299     0.0000
 22   0     8.5104     8.0000    -0.5104     1.9096     1.9096    -0.0000
 23   0     0.8170     1.0000     0.1830     1.0286     1.0286    -0.0000
 24   0     0.6635     1.0000     0.3365     0.9238     0.9238     0.0000
 25   0     8.4926     8.0000    -0.4926     1.9345     1.9345     0.0000
 26   0     0.7205     1.0000     0.2795     0.9567     0.9567    -0.0000
 27   0     0.8033     1.0000     0.1967     1.0188     1.0188    -0.0000
 28   0     8.5853     8.0000    -0.5853     2.0683     2.0683     0.0000
 29   0     0.7497     1.0000     0.2503     0.9738     0.9738     0.0000
 30   0     0.7044     1.0000     0.2956     0.9273     0.9273     0.0000
 31   0     8.5237     8.0000    -0.5237     1.9325     1.9325     0.0000
 32   0     0.7085     1.0000     0.2915     0.9759     0.9759    -0.0000
 33   0     0.7448     1.0000     0.2552     0.9939     0.9939    -0.0000
 34   0     8.4911     8.0000    -0.4911     1.9647     1.9647    -0.0000
 35   0     0.7631     1.0000     0.2369     0.9870     0.9870    -0.0000
 36   0     0.7085     1.0000     0.2915     0.9485     0.9485     0.0000
 37   0     8.5498     8.0000    -0.5498     1.8473     1.8473    -0.0000
 38   0     0.7226     1.0000     0.2774     0.9567     0.9567     0.0000
 39   0     0.7393     1.0000     0.2607     0.9452     0.9452    -0.0000
 40   0     8.5670     8.0000    -0.5670     1.9082     1.9082    -0.0000
 41   0     0.7995     1.0000     0.2005     1.0021     1.0021    -0.0000
 42   0     0.6845     1.0000     0.3155     0.9479     0.9479    -0.0000
 43   0     8.5628     8.0000    -0.5628     1.9202     1.9202    -0.0000
 44   0     0.7270     1.0000     0.2730     0.9728     0.9728    -0.0000
 45   0     0.7096     1.0000     0.2904     0.9567     0.9567    -0.0000
 46   0     8.7161     8.0000    -0.7161     1.7210     1.7210    -0.0000
 47   0     0.6670     1.0000     0.3330     0.8966     0.8966     0.0000
 48   0     0.6349     1.0000     0.3651     0.9047     0.9047    -0.0000
 49   0     8.6052     8.0000    -0.6052     1.8701     1.8701    -0.0000
 50   0     0.7204     1.0000     0.2796     1.0178     1.0178    -0.0000
 51   0     0.7067     1.0000     0.2933     0.9648     0.9648     0.0000
 52   0     8.6797     8.0000    -0.6797     1.8582     1.8582     0.0000
 53   0     0.6262     1.0000     0.3738     0.8717     0.8717    -0.0000
 54   0     0.6474     1.0000     0.3526     0.9176     0.9176     0.0000
 55   0     8.6473     8.0000    -0.6473     1.7664     1.7664    -0.0000
 56   0     0.6570     1.0000     0.3430     0.8861     0.8861     0.0000
 57   0     0.7165     1.0000     0.2835     0.9633     0.9633     0.0000
 58   0     8.6158     8.0000    -0.6158     1.8712     1.8712     0.0000
 59   0     0.7069     1.0000     0.2931     0.9564     0.9564     0.0000
 60   0     0.6579     1.0000     0.3421     0.9002     0.9002     0.0000
 61   0     8.6646     8.0000    -0.6646     1.8344     1.8344     0.0000
 62   0     0.6611     1.0000     0.3389     0.9249     0.9249    -0.0000
 63   0     0.6862     1.0000     0.3138     0.9695     0.9695    -0.0000
 64   0     8.6015     8.0000    -0.6015     1.8334     1.8334     0.0000
 65   0     0.6878     1.0000     0.3122     0.9540     0.9540     0.0000
 66   0     0.7234     1.0000     0.2766     0.9951     0.9951     0.0000
 67   0     8.5233     8.0000    -0.5233     1.9417     1.9417    -0.0000
 68   0     0.6879     1.0000     0.3121     0.9381     0.9381     0.0000
 69   0     0.7392     1.0000     0.2608     0.9659     0.9659    -0.0000
 70   0     8.6694     8.0000    -0.6694     1.7891     1.7891    -0.0000
 71   0     0.6849     1.0000     0.3151     0.9223     0.9223     0.0000
 72   0     0.6901     1.0000     0.3099     1.0072     1.0072     0.0000
 73   0     8.4954     8.0000    -0.4954     1.9821     1.9821    -0.0000
 74   0     0.7934     1.0000     0.2066     1.0312     1.0312    -0.0000
 75   0     0.6753     1.0000     0.3247     0.9468     0.9468    -0.0000
 76   0     8.5625     8.0000    -0.5625     1.9402     1.9402     0.0000
 77   0     0.7359     1.0000     0.2641     0.9485     0.9485    -0.0000
 78   0     0.6855     1.0000     0.3145     0.9119     0.9119     0.0000
 79   0     8.4912     8.0000    -0.4912     1.9297     1.9297     0.0000
 80   0     0.6986     1.0000     0.3014     0.9574     0.9574    -0.0000
 81   0     0.7990     1.0000     0.2010     1.0133     1.0133    -0.0000
 82   0     8.5391     8.0000    -0.5391     1.9450     1.9450     0.0000
 83   0     0.7007     1.0000     0.2993     0.9475     0.9475     0.0000
 84   0     0.7207     1.0000     0.2793     0.9663     0.9663    -0.0000
 85   0     8.4683     8.0000    -0.4683     1.9347     1.9347    -0.0000
 86   0     0.7722     1.0000     0.2278     0.9996     0.9996     0.0000
 87   0     0.7471     1.0000     0.2529     0.9737     0.9737    -0.0000
 88   0     8.6445     8.0000    -0.6445     1.8212     1.8212    -0.0000
 89   0     0.6406     1.0000     0.3594     0.8845     0.8845    -0.0000
 90   0     0.7088     1.0000     0.2912     0.9383     0.9383     0.0000
 91   0     8.6038     8.0000    -0.6038     1.9038     1.9038     0.0000
 92   0     0.7034     1.0000     0.2966     0.9720     0.9720     0.0000
 93   0     0.7124     1.0000     0.2876     1.0008     1.0008     0.0000
 94   0     0.0000     0.6645     0.6645     0.0000     0.0000     0.0000
 95   0     0.0000     0.6645     0.6645     0.0000     0.0000     0.0000
 96   0     0.0000    -1.3290    -1.3290     0.0000     0.0000     0.0000
 97   0     0.0000     0.6645     0.6645     0.0000     0.0000     0.0000
 98   0     0.0000     0.6645     0.6645     0.0000     0.0000     0.0000
 99   0     0.0000    -1.3290    -1.3290     0.0000     0.0000     0.0000
100   0     0.0000     0.6645     0.6645     0.0000     0.0000     0.0000
101   0     0.0000     0.6645     0.6645     0.0000     0.0000     0.0000
102   0     0.0000    -1.3290    -1.3290     0.0000     0.0000     0.0000
103   0     0.0000     0.6645     0.6645     0.0000     0.0000     0.0000
104   0     0.0000     0.6645     0.6645     0.0000     0.0000     0.0000
105   0     0.0000    -1.3290    -1.3290     0.0000     0.0000     0.0000
106   0     0.0000     0.6645     0.6645     0.0000     0.0000     0.0000
107   0     0.0000     0.6645     0.6645     0.0000     0.0000     0.0000
108   0     0.0000    -1.3290    -1.3290     0.0000     0.0000     0.0000
109   0     0.0000     0.6645     0.6645     0.0000     0.0000     0.0000
110   0     0.0000     0.6645     0.6645     0.0000     0.0000     0.0000
111   0     0.0000    -1.3290    -1.3290     0.0000     0.0000     0.0000
112   0     0.0000     0.6645     0.6645     0.0000     0.0000     0.0000
113   0     0.0000     0.6645     0.6645     0.0000     0.0000     0.0000
114   0     0.0000    -1.3290    -1.3290     0.0000     0.0000     0.0000
115   0     0.0000     0.6645     0.6645     0.0000     0.0000     0.0000
116   0     0.0000     0.6645     0.6645     0.0000     0.0000     0.0000
117   0     0.0000    -1.3290    -1.3290     0.0000     0.0000     0.0000
118   0     0.0000     0.6645     0.6645     0.0000     0.0000     0.0000
119   0     0.0000     0.6645     0.6645     0.0000     0.0000     0.0000
120   0     0.0000    -1.3290    -1.3290     0.0000     0.0000     0.0000
121   0     0.0000     0.6645     0.6645     0.0000     0.0000     0.0000
122   0     0.0000     0.6645     0.6645     0.0000     0.0000     0.0000
123   0     0.0000    -1.3290    -1.3290     0.0000     0.0000     0.0000
124   0     0.0000     0.6645     0.6645     0.0000     0.0000     0.0000
125   0     0.0000     0.6645     0.6645     0.0000     0.0000     0.0000
126   0     0.0000    -1.3290    -1.3290     0.0000     0.0000     0.0000
127   0     0.0000     0.6645     0.6645     0.0000     0.0000     0.0000
128   0     0.0000     0.6645     0.6645     0.0000     0.0000     0.0000
129   0     0.0000    -1.3290    -1.3290     0.0000     0.0000     0.0000
130   0     0.0000     0.6645     0.6645     0.0000     0.0000     0.0000
131   0     0.0000     0.6645     0.6645     0.0000     0.0000     0.0000
132   0     0.0000    -1.3290    -1.3290     0.0000     0.0000     0.0000
133   0     0.0000     0.6645     0.6645     0.0000     0.0000     0.0000
134   0     0.0000     0.6645     0.6645     0.0000     0.0000     0.0000
135   0     0.0000    -1.3290    -1.3290     0.0000     0.0000     0.0000
136   0     0.0000     0.6645     0.6645     0.0000     0.0000     0.0000
137   0     0.0000     0.6645     0.6645     0.0000     0.0000     0.0000
138   0     0.0000    -1.3290    -1.3290     0.0000     0.0000     0.0000
139   0     0.0000     0.6645     0.6645     0.0000     0.0000     0.0000
140   0     0.0000     0.6645     0.6645     0.0000     0.0000     0.0000
141   0     0.0000    -1.3290    -1.3290     0.0000     0.0000     0.0000
142   0     0.0000     0.6645     0.6645     0.0000     0.0000     0.0000
143   0     0.0000     0.6645     0.6645     0.0000     0.0000     0.0000
144   0     0.0000    -1.3290    -1.3290     0.0000     0.0000     0.0000
145   0     0.0000     0.6645     0.6645     0.0000     0.0000     0.0000
146   0     0.0000     0.6645     0.6645     0.0000     0.0000     0.0000
147   0     0.0000    -1.3290    -1.3290     0.0000     0.0000     0.0000
148   0     0.0000     0.6645     0.6645     0.0000     0.0000     0.0000
149   0     0.0000     0.6645     0.6645     0.0000     0.0000     0.0000
150   0     0.0000    -1.3290    -1.3290     0.0000     0.0000     0.0000
151   0     0.0000     0.6645     0.6645     0.0000     0.0000     0.0000
152   0     0.0000     0.6645     0.6645     0.0000     0.0000     0.0000
153   0     0.0000    -1.3290    -1.3290     0.0000     0.0000     0.0000
154   0     0.0000     0.6645     0.6645     0.0000     0.0000     0.0000
155   0     0.0000     0.6645     0.6645     0.0000     0.0000     0.0000
156   0     0.0000    -1.3290    -1.3290     0.0000     0.0000     0.0000
157   0     0.0000     0.6645     0.6645     0.0000     0.0000     0.0000
158   0     0.0000     0.6645     0.6645     0.0000     0.0000     0.0000
159   0     0.0000    -1.3290    -1.3290     0.0000     0.0000     0.0000
160   0     0.0000     0.6645     0.6645     0.0000     0.0000     0.0000
161   0     0.0000     0.6645     0.6645     0.0000     0.0000     0.0000
162   0     0.0000    -1.3290    -1.3290     0.0000     0.0000     0.0000
163   0     0.0000     0.6645     0.6645     0.0000     0.0000     0.0000
164   0     0.0000     0.6645     0.6645     0.0000     0.0000     0.0000
165   0     0.0000    -1.3290    -1.3290     0.0000     0.0000     0.0000
166   0     0.0000     0.6645     0.6645     0.0000     0.0000     0.0000
167   0     0.0000     0.6645     0.6645     0.0000     0.0000     0.0000
168   0     0.0000    -1.3290    -1.3290     0.0000     0.0000     0.0000
169   0     0.0000     0.6645     0.6645     0.0000     0.0000     0.0000
170   0     0.0000     0.6645     0.6645     0.0000     0.0000     0.0000
171   0     0.0000    -1.3290    -1.3290     0.0000     0.0000     0.0000
172   0     0.0000     0.6645     0.6645     0.0000     0.0000     0.0000
173   0     0.0000     0.6645     0.6645     0.0000     0.0000     0.0000
174   0     0.0000    -1.3290    -1.3290     0.0000     0.0000     0.0000
175   0     0.0000     0.6645     0.6645     0.0000     0.0000     0.0000
176   0     0.0000     0.6645     0.6645     0.0000     0.0000     0.0000
177   0     0.0000    -1.3290    -1.3290     0.0000     0.0000     0.0000
178   0     0.0000     0.6645     0.6645     0.0000     0.0000     0.0000
179   0     0.0000     0.6645     0.6645     0.0000     0.0000     0.0000
180   0     0.0000    -1.3290    -1.3290     0.0000     0.0000     0.0000
181   0     0.0000     0.6645     0.6645     0.0000     0.0000     0.0000
182   0     0.0000     0.6645     0.6645     0.0000     0.0000     0.0000
183   0     0.0000    -1.3290    -1.3290     0.0000     0.0000     0.0000
184   0     0.0000     0.6645     0.6645     0.0000     0.0000     0.0000
185   0     0.0000     0.6645     0.6645     0.0000     0.0000     0.0000
186   0     0.0000    -1.3290    -1.3290     0.0000     0.0000     0.0000
187   0     0.0000     0.6645     0.6645     0.0000     0.0000     0.0000
188   0     0.0000     0.6645     0.6645     0.0000     0.0000     0.0000
189   0     0.0000    -1.3290    -1.3290     0.0000     0.0000     0.0000
190   0     0.0000     0.6645     0.6645     0.0000     0.0000     0.0000
191   0     0.0000     0.6645     0.6645     0.0000     0.0000     0.0000
192   0     0.0000    -1.3290    -1.3290     0.0000     0.0000     0.0000
193   0     0.0000     0.6645     0.6645     0.0000     0.0000     0.0000
194   0     0.0000     0.6645     0.6645     0.0000     0.0000     0.0000
195   0     0.0000    -1.3290    -1.3290     0.0000     0.0000     0.0000
196   0     0.0000     0.6645     0.6645     0.0000     0.0000     0.0000
197   0     0.0000     0.6645     0.6645     0.0000     0.0000     0.0000
198   0     0.0000    -1.3290    -1.3290     0.0000     0.0000     0.0000
199   0     0.0000     0.6645     0.6645     0.0000     0.0000     0.0000
200   0     0.0000     0.6645     0.6645     0.0000     0.0000     0.0000
201   0     0.0000    -1.3290    -1.3290     0.0000     0.0000     0.0000
202   0     0.0000     0.6645     0.6645     0.0000     0.0000     0.0000
203   0     0.0000     0.6645     0.6645     0.0000     0.0000     0.0000
204   0     0.0000    -1.3290    -1.3290     0.0000     0.0000     0.0000
205   0     0.0000     0.6645     0.6645     0.0000     0.0000     0.0000
206   0     0.0000     0.6645     0.6645     0.0000     0.0000     0.0000
207   0     0.0000    -1.3290    -1.3290     0.0000     0.0000     0.0000
208   0     0.0000     0.6645     0.6645     0.0000     0.0000     0.0000
209   0     0.0000     0.6645     0.6645     0.0000     0.0000     0.0000
210   0     0.0000    -1.3290    -1.3290     0.0000     0.0000     0.0000
211   0     0.0000     0.6645     0.6645     0.0000     0.0000     0.0000
212   0     0.0000     0.6645     0.6645     0.0000     0.0000     0.0000
213   0     0.0000    -1.3290    -1.3290     0.0000     0.0000     0.0000
214   0     0.0000     0.6645     0.6645     0.0000     0.0000     0.0000
215   0     0.0000     0.6645     0.6645     0.0000     0.0000     0.0000
216   0     0.0000    -1.3290    -1.3290     0.0000     0.0000     0.0000
217   0     0.0000     0.6645     0.6645     0.0000     0.0000     0.0000
218   0     0.0000     0.6645     0.6645     0.0000     0.0000     0.0000
219   0     0.0000    -1.3290    -1.3290     0.0000     0.0000     0.0000
220   0     0.0000     0.6645     0.6645     0.0000     0.0000     0.0000
221   0     0.0000     0.6645     0.6645     0.0000     0.0000     0.0000
222   0     0.0000    -1.3290    -1.3290     0.0000     0.0000     0.0000
223   0     0.0000     0.6645     0.6645     0.0000     0.0000     0.0000
224   0     0.0000     0.6645     0.6645     0.0000     0.0000     0.0000
225   0     0.0000    -1.3290    -1.3290     0.0000     0.0000     0.0000
226   0     0.0000     0.6645     0.6645     0.0000     0.0000     0.0000
227   0     0.0000     0.6645     0.6645     0.0000     0.0000     0.0000
228   0     0.0000    -1.3290    -1.3290     0.0000     0.0000     0.0000
229   0     0.0000     0.6645     0.6645     0.0000     0.0000     0.0000
230   0     0.0000     0.6645     0.6645     0.0000     0.0000     0.0000
231   0     0.0000    -1.3290    -1.3290     0.0000     0.0000     0.0000
232   0     0.0000     0.6645     0.6645     0.0000     0.0000     0.0000
233   0     0.0000     0.6645     0.6645     0.0000     0.0000     0.0000
234   0     0.0000    -1.3290    -1.3290     0.0000     0.0000     0.0000
235   0     0.0000     0.6645     0.6645     0.0000     0.0000     0.0000
236   0     0.0000     0.6645     0.6645     0.0000     0.0000     0.0000
237   0     0.0000    -1.3290    -1.3290     0.0000     0.0000     0.0000
238   0     0.0000     0.6645     0.6645     0.0000     0.0000     0.0000
239   0     0.0000     0.6645     0.6645     0.0000     0.0000     0.0000
240   0     0.0000    -1.3290    -1.3290     0.0000     0.0000     0.0000
241   0     0.0000     0.6645     0.6645     0.0000     0.0000     0.0000
242   0     0.0000     0.6645     0.6645     0.0000     0.0000     0.0000
243   0     0.0000    -1.3290    -1.3290     0.0000     0.0000     0.0000
244   0     0.0000     0.6645     0.6645     0.0000     0.0000     0.0000
245   0     0.0000     0.6645     0.6645     0.0000     0.0000     0.0000
246   0     0.0000    -1.3290    -1.3290     0.0000     0.0000     0.0000
247   0     0.0000     0.6645     0.6645     0.0000     0.0000     0.0000
248   0     0.0000     0.6645     0.6645     0.0000     0.0000     0.0000
249   0     0.0000    -1.3290    -1.3290     0.0000     0.0000     0.0000
250   0     0.0000     0.6645     0.6645     0.0000     0.0000     0.0000
251   0     0.0000     0.6645     0.6645     0.0000     0.0000     0.0000
252   0     0.0000    -1.3290    -1.3290     0.0000     0.0000     0.0000
253   0     0.0000     0.6645     0.6645     0.0000     0.0000     0.0000
254   0     0.0000     0.6645     0.6645     0.0000     0.0000     0.0000
255   0     0.0000    -1.3290    -1.3290     0.0000     0.0000     0.0000
256   0     0.0000     0.6645     0.6645     0.0000     0.0000     0.0000
257   0     0.0000     0.6645     0.6645     0.0000     0.0000     0.0000
258   0     0.0000    -1.3290    -1.3290     0.0000     0.0000     0.0000
259   0     0.0000     0.6645     0.6645     0.0000     0.0000     0.0000
260   0     0.0000     0.6645     0.6645     0.0000     0.0000     0.0000
261   0     0.0000    -1.3290    -1.3290     0.0000     0.0000     0.0000
262   0     0.0000     0.6645     0.6645     0.0000     0.0000     0.0000
263   0     0.0000     0.6645     0.6645     0.0000     0.0000     0.0000
264   0     0.0000    -1.3290    -1.3290     0.0000     0.0000     0.0000
265   0     0.0000     0.6645     0.6645     0.0000     0.0000     0.0000
266   0     0.0000     0.6645     0.6645     0.0000     0.0000     0.0000
267   0     0.0000    -1.3290    -1.3290     0.0000     0.0000     0.0000
268   0     0.0000     0.6645     0.6645     0.0000     0.0000     0.0000
269   0     0.0000     0.6645     0.6645     0.0000     0.0000     0.0000
270   0     0.0000    -1.3290    -1.3290     0.0000     0.0000     0.0000
271   0     0.0000     0.6645     0.6645     0.0000     0.0000     0.0000
272   0     0.0000     0.6645     0.6645     0.0000     0.0000     0.0000
273   0     0.0000    -1.3290    -1.3290     0.0000     0.0000     0.0000
274   0     0.0000     0.6645     0.6645     0.0000     0.0000     0.0000
275   0     0.0000     0.6645     0.6645     0.0000     0.0000     0.0000
276   0     0.0000    -1.3290    -1.3290     0.0000     0.0000     0.0000
277   0     0.0000     0.6645     0.6645     0.0000     0.0000     0.0000
278   0     0.0000     0.6645     0.6645     0.0000     0.0000     0.0000
279   0     0.0000    -1.3290    -1.3290     0.0000     0.0000     0.0000
280   0     0.0000     0.6645     0.6645     0.0000     0.0000     0.0000
281   0     0.0000     0.6645     0.6645     0.0000     0.0000     0.0000
282   0     0.0000    -1.3290    -1.3290     0.0000     0.0000     0.0000
283   0     0.0000     0.6645     0.6645     0.0000     0.0000     0.0000
284   0     0.0000     0.6645     0.6645     0.0000     0.0000     0.0000
285   0     0.0000    -1.3290    -1.3290     0.0000     0.0000     0.0000
286   0     0.0000     0.6645     0.6645     0.0000     0.0000     0.0000
287   0     0.0000     0.6645     0.6645     0.0000     0.0000     0.0000
288   0     0.0000    -1.3290    -1.3290     0.0000     0.0000     0.0000
289   0     0.0000     0.6645     0.6645     0.0000     0.0000     0.0000
290   0     0.0000     0.6645     0.6645     0.0000     0.0000     0.0000
291   0     0.0000    -1.3290    -1.3290     0.0000     0.0000     0.0000
292   0     0.0000     0.6645     0.6645     0.0000     0.0000     0.0000
293   0     0.0000     0.6645     0.6645     0.0000     0.0000     0.0000
294   0     0.0000    -1.3290    -1.3290     0.0000     0.0000     0.0000
295   0     0.0000     0.6645     0.6645     0.0000     0.0000     0.0000
296   0     0.0000     0.6645     0.6645     0.0000     0.0000     0.0000
297   0     0.0000    -1.3290    -1.3290     0.0000     0.0000     0.0000
298   0     0.0000     0.6645     0.6645     0.0000     0.0000     0.0000
299   0     0.0000     0.6645     0.6645     0.0000     0.0000     0.0000
300   0     0.0000    -1.3290    -1.3290     0.0000     0.0000     0.0000
301   0     0.0000     0.6645     0.6645     0.0000     0.0000     0.0000
302   0     0.0000     0.6645     0.6645     0.0000     0.0000     0.0000
303   0     0.0000    -1.3290    -1.3290     0.0000     0.0000     0.0000
304   0     0.0000     0.6645     0.6645     0.0000     0.0000     0.0000
305   0     0.0000     0.6645     0.6645     0.0000     0.0000     0.0000
306   0     0.0000    -1.3290    -1.3290     0.0000     0.0000     0.0000
307   0     0.0000     0.6645     0.6645     0.0000     0.0000     0.0000
308   0     0.0000     0.6645     0.6645     0.0000     0.0000     0.0000
309   0     0.0000    -1.3290    -1.3290     0.0000     0.0000     0.0000
310   0     0.0000     0.6645     0.6645     0.0000     0.0000     0.0000
311   0     0.0000     0.6645     0.6645     0.0000     0.0000     0.0000
312   0     0.0000    -1.3290    -1.3290     0.0000     0.0000     0.0000
313   0     0.0000     0.6645     0.6645     0.0000     0.0000     0.0000
314   0     0.0000     0.6645     0.6645     0.0000     0.0000     0.0000
315   0     0.0000    -1.3290    -1.3290     0.0000     0.0000     0.0000
316   0     0.0000     0.6645     0.6645     0.0000     0.0000     0.0000
317   0     0.0000     0.6645     0.6645     0.0000     0.0000     0.0000
318   0     0.0000    -1.3290    -1.3290     0.0000     0.0000     0.0000
319   0     0.0000     0.6645     0.6645     0.0000     0.0000     0.0000
320   0     0.0000     0.6645     0.6645     0.0000     0.0000     0.0000
321   0     0.0000    -1.3290    -1.3290     0.0000     0.0000     0.0000
322   0     0.0000     0.6645     0.6645     0.0000     0.0000     0.0000
323   0     0.0000     0.6645     0.6645     0.0000     0.0000     0.0000
324   0     0.0000    -1.3290    -1.3290     0.0000     0.0000     0.0000
325   0     0.0000     0.6645     0.6645     0.0000     0.0000     0.0000
326   0     0.0000     0.6645     0.6645     0.0000     0.0000     0.0000
327   0     0.0000    -1.3290    -1.3290     0.0000     0.0000     0.0000
328   0     0.0000     0.6645     0.6645     0.0000     0.0000     0.0000
329   0     0.0000     0.6645     0.6645     0.0000     0.0000     0.0000
330   0     0.0000    -1.3290    -1.3290     0.0000     0.0000     0.0000
331   0     0.0000     0.6645     0.6645     0.0000     0.0000     0.0000
332   0     0.0000     0.6645     0.6645     0.0000     0.0000     0.0000
333   0     0.0000    -1.3290    -1.3290     0.0000     0.0000     0.0000
334   0     0.0000     0.6645     0.6645     0.0000     0.0000     0.0000
335   0     0.0000     0.6645     0.6645     0.0000     0.0000     0.0000
336   0     0.0000    -1.3290    -1.3290     0.0000     0.0000     0.0000
337   0     0.0000     0.6645     0.6645     0.0000     0.0000     0.0000
338   0     0.0000     0.6645     0.6645     0.0000     0.0000     0.0000
339   0     0.0000    -1.3290    -1.3290     0.0000     0.0000     0.0000
340   0     0.0000     0.6645     0.6645     0.0000     0.0000     0.0000
341   0     0.0000     0.6645     0.6645     0.0000     0.0000     0.0000
342   0     0.0000    -1.3290    -1.3290     0.0000     0.0000     0.0000
343   0     0.0000     0.6645     0.6645     0.0000     0.0000     0.0000
344   0     0.0000     0.6645     0.6645     0.0000     0.0000     0.0000
345   0     0.0000    -1.3290    -1.3290     0.0000     0.0000     0.0000
346   0     0.0000     0.6645     0.6645     0.0000     0.0000     0.0000
347   0     0.0000     0.6645     0.6645     0.0000     0.0000     0.0000
348   0     0.0000    -1.3290    -1.3290     0.0000     0.0000     0.0000
349   0     0.0000     0.6645     0.6645     0.0000     0.0000     0.0000
350   0     0.0000     0.6645     0.6645     0.0000     0.0000     0.0000
351   0     0.0000    -1.3290    -1.3290     0.0000     0.0000     0.0000
352   0     0.0000     0.6645     0.6645     0.0000     0.0000     0.0000
353   0     0.0000     0.6645     0.6645     0.0000     0.0000     0.0000
354   0     0.0000    -1.3290    -1.3290     0.0000     0.0000     0.0000
355   0     0.0000     0.6645     0.6645     0.0000     0.0000     0.0000
356   0     0.0000     0.6645     0.6645     0.0000     0.0000     0.0000
357   0     0.0000    -1.3290    -1.3290     0.0000     0.0000     0.0000
358   0     0.0000     0.6645     0.6645     0.0000     0.0000     0.0000
359   0     0.0000     0.6645     0.6645     0.0000     0.0000     0.0000
360   0     0.0000    -1.3290    -1.3290     0.0000     0.0000     0.0000
361   0     0.0000     0.6645     0.6645     0.0000     0.0000     0.0000
362   0     0.0000     0.6645     0.6645     0.0000     0.0000     0.0000
363   0     0.0000    -1.3290    -1.3290     0.0000     0.0000     0.0000
364   0     0.0000     0.6645     0.6645     0.0000     0.0000     0.0000
365   0     0.0000     0.6645     0.6645     0.0000     0.0000     0.0000
366   0     0.0000    -1.3290    -1.3290     0.0000     0.0000     0.0000
367   0     0.0000     0.6645     0.6645     0.0000     0.0000     0.0000
368   0     0.0000     0.6645     0.6645     0.0000     0.0000     0.0000
369   0     0.0000    -1.3290    -1.3290     0.0000     0.0000     0.0000
370   0     0.0000     0.6645     0.6645     0.0000     0.0000     0.0000
371   0     0.0000     0.6645     0.6645     0.0000     0.0000     0.0000
372   0     0.0000    -1.3290    -1.3290     0.0000     0.0000     0.0000
373   0     0.0000     0.6645     0.6645     0.0000     0.0000     0.0000
374   0     0.0000     0.6645     0.6645     0.0000     0.0000     0.0000
375   0     0.0000    -1.3290    -1.3290     0.0000     0.0000     0.0000
376   0     0.0000     0.6645     0.6645     0.0000     0.0000     0.0000
377   0     0.0000     0.6645     0.6645     0.0000     0.0000     0.0000
378   0     0.0000    -1.3290    -1.3290     0.0000     0.0000     0.0000
379   0     0.0000     0.6645     0.6645     0.0000     0.0000     0.0000
380   0     0.0000     0.6645     0.6645     0.0000     0.0000     0.0000
381   0     0.0000    -1.3290    -1.3290     0.0000     0.0000     0.0000
382   0     0.0000     0.6645     0.6645     0.0000     0.0000     0.0000
383   0     0.0000     0.6645     0.6645     0.0000     0.0000     0.0000
384   0     0.0000    -1.3290    -1.3290     0.0000     0.0000     0.0000
385   0     0.0000     0.6645     0.6645     0.0000     0.0000     0.0000
386   0     0.0000     0.6645     0.6645     0.0000     0.0000     0.0000
387   0     0.0000    -1.3290    -1.3290     0.0000     0.0000     0.0000
388   0     0.0000     0.6645     0.6645     0.0000     0.0000     0.0000
389   0     0.0000     0.6645     0.6645     0.0000     0.0000     0.0000
390   0     0.0000    -1.3290    -1.3290     0.0000     0.0000     0.0000
391   0     0.0000     0.6645     0.6645     0.0000     0.0000     0.0000
392   0     0.0000     0.6645     0.6645     0.0000     0.0000     0.0000
393   0     0.0000    -1.3290    -1.3290     0.0000     0.0000     0.0000
394   0     0.0000     0.6645     0.6645     0.0000     0.0000     0.0000
395   0     0.0000     0.6645     0.6645     0.0000     0.0000     0.0000
396   0     0.0000    -1.3290    -1.3290     0.0000     0.0000     0.0000
397   0     0.0000     0.6645     0.6645     0.0000     0.0000     0.0000
398   0     0.0000     0.6645     0.6645     0.0000     0.0000     0.0000
399   0     0.0000    -1.3290    -1.3290     0.0000     0.0000     0.0000
400   0     0.0000     0.6645     0.6645     0.0000     0.0000     0.0000
401   0     0.0000     0.6645     0.6645     0.0000     0.0000     0.0000
402   0     0.0000    -1.3290    -1.3290     0.0000     0.0000     0.0000
403   0     0.0000     0.6645     0.6645     0.0000     0.0000     0.0000
404   0     0.0000     0.6645     0.6645     0.0000     0.0000     0.0000
405   0     0.0000    -1.3290    -1.3290     0.0000     0.0000     0.0000
406   0     0.0000     0.6645     0.6645     0.0000     0.0000     0.0000
407   0     0.0000     0.6645     0.6645     0.0000     0.0000     0.0000
408   0     0.0000    -1.3290    -1.3290     0.0000     0.0000     0.0000
409   0     0.0000     0.6645     0.6645     0.0000     0.0000     0.0000
410   0     0.0000     0.6645     0.6645     0.0000     0.0000     0.0000
411   0     0.0000    -1.3290    -1.3290     0.0000     0.0000     0.0000
412   0     0.0000     0.6645     0.6645     0.0000     0.0000     0.0000
413   0     0.0000     0.6645     0.6645     0.0000     0.0000     0.0000
414   0     0.0000    -1.3290    -1.3290     0.0000     0.0000     0.0000
415   0     0.0000     0.6645     0.6645     0.0000     0.0000     0.0000
416   0     0.0000     0.6645     0.6645     0.0000     0.0000     0.0000
417   0     0.0000    -1.3290    -1.3290     0.0000     0.0000     0.0000
418   0     0.0000     0.6645     0.6645     0.0000     0.0000     0.0000
419   0     0.0000     0.6645     0.6645     0.0000     0.0000     0.0000
420   0     0.0000    -1.3290    -1.3290     0.0000     0.0000     0.0000
421   0     0.0000     0.6645     0.6645     0.0000     0.0000     0.0000
422   0     0.0000     0.6645     0.6645     0.0000     0.0000     0.0000
423   0     0.0000    -1.3290    -1.3290     0.0000     0.0000     0.0000
424   0     0.0000     0.6645     0.6645     0.0000     0.0000     0.0000
425   0     0.0000     0.6645     0.6645     0.0000     0.0000     0.0000
426   0     0.0000    -1.3290    -1.3290     0.0000     0.0000     0.0000
427   0     0.0000     0.6645     0.6645     0.0000     0.0000     0.0000
428   0     0.0000     0.6645     0.6645     0.0000     0.0000     0.0000
429   0     0.0000    -1.3290    -1.3290     0.0000     0.0000     0.0000
430   0     0.0000     0.6645     0.6645     0.0000     0.0000     0.0000
431   0     0.0000     0.6645     0.6645     0.0000     0.0000     0.0000
432   0     0.0000    -1.3290    -1.3290     0.0000     0.0000     0.0000
433   0     0.0000     0.6645     0.6645     0.0000     0.0000     0.0000
434   0     0.0000     0.6645     0.6645     0.0000     0.0000     0.0000
435   0     0.0000    -1.3290    -1.3290     0.0000     0.0000     0.0000
436   0     0.0000     0.6645     0.6645     0.0000     0.0000     0.0000
437   0     0.0000     0.6645     0.6645     0.0000     0.0000     0.0000
438   0     0.0000    -1.3290    -1.3290     0.0000     0.0000     0.0000
439   0     0.0000     0.6645     0.6645     0.0000     0.0000     0.0000
440   0     0.0000     0.6645     0.6645     0.0000     0.0000     0.0000
441   0     0.0000    -1.3290    -1.3290     0.0000     0.0000     0.0000
442   0     0.0000     0.6645     0.6645     0.0000     0.0000     0.0000
443   0     0.0000     0.6645     0.6645     0.0000     0.0000     0.0000
444   0     0.0000    -1.3290    -1.3290     0.0000     0.0000     0.0000
445   0     0.0000     0.6645     0.6645     0.0000     0.0000     0.0000
446   0     0.0000     0.6645     0.6645     0.0000     0.0000     0.0000
447   0     0.0000    -1.3290    -1.3290     0.0000     0.0000     0.0000
448   0     0.0000     0.6645     0.6645     0.0000     0.0000     0.0000
449   0     0.0000     0.6645     0.6645     0.0000     0.0000     0.0000
450   0     0.0000    -1.3290    -1.3290     0.0000     0.0000     0.0000
451   0     0.0000     0.6645     0.6645     0.0000     0.0000     0.0000
452   0     0.0000     0.6645     0.6645     0.0000     0.0000     0.0000
453   0     0.0000    -1.3290    -1.3290     0.0000     0.0000     0.0000
454   0     0.0000     0.6645     0.6645     0.0000     0.0000     0.0000
455   0     0.0000     0.6645     0.6645     0.0000     0.0000     0.0000
456   0     0.0000    -1.3290    -1.3290     0.0000     0.0000     0.0000
457   0     0.0000     0.6645     0.6645     0.0000     0.0000     0.0000
458   0     0.0000     0.6645     0.6645     0.0000     0.0000     0.0000
459   0     0.0000    -1.3290    -1.3290     0.0000     0.0000     0.0000
460   0     0.0000     0.6645     0.6645     0.0000     0.0000     0.0000
461   0     0.0000     0.6645     0.6645     0.0000     0.0000     0.0000
462   0     0.0000    -1.3290    -1.3290     0.0000     0.0000     0.0000
463   0     0.0000     0.6645     0.6645     0.0000     0.0000     0.0000
464   0     0.0000     0.6645     0.6645     0.0000     0.0000     0.0000
465   0     0.0000    -1.3290    -1.3290     0.0000     0.0000     0.0000
466   0     0.0000     0.6645     0.6645     0.0000     0.0000     0.0000
467   0     0.0000     0.6645     0.6645     0.0000     0.0000     0.0000
468   0     0.0000    -1.3290    -1.3290     0.0000     0.0000     0.0000
469   0     0.0000     0.6645     0.6645     0.0000     0.0000     0.0000
470   0     0.0000     0.6645     0.6645     0.0000     0.0000     0.0000
471   0     0.0000    -1.3290    -1.3290     0.0000     0.0000     0.0000
472   0     0.0000     0.6645     0.6645     0.0000     0.0000     0.0000
473   0     0.0000     0.6645     0.6645     0.0000     0.0000     0.0000
474   0     0.0000    -1.3290    -1.3290     0.0000     0.0000     0.0000
475   0     0.0000     0.6645     0.6645     0.0000     0.0000     0.0000
476   0     0.0000     0.6645     0.6645     0.0000     0.0000     0.0000
477   0     0.0000    -1.3290    -1.3290     0.0000     0.0000     0.0000
478   0     0.0000     0.6645     0.6645     0.0000     0.0000     0.0000
479   0     0.0000     0.6645     0.6645     0.0000     0.0000     0.0000
480   0     0.0000    -1.3290    -1.3290     0.0000     0.0000     0.0000
481   0     0.0000     0.6645     0.6645     0.0000     0.0000     0.0000
482   0     0.0000     0.6645     0.6645     0.0000     0.0000     0.0000
483   0     0.0000    -1.3290    -1.3290     0.0000     0.0000     0.0000
484   0     0.0000     0.6645     0.6645     0.0000     0.0000     0.0000
485   0     0.0000     0.6645     0.6645     0.0000     0.0000     0.0000
486   0     0.0000    -1.3290    -1.3290     0.0000     0.0000     0.0000
487   0     0.0000     0.6645     0.6645     0.0000     0.0000     0.0000
488   0     0.0000     0.6645     0.6645     0.0000     0.0000     0.0000
489   0     0.0000    -1.3290    -1.3290     0.0000     0.0000     0.0000
490   0     0.0000     0.6645     0.6645     0.0000     0.0000     0.0000
491   0     0.0000     0.6645     0.6645     0.0000     0.0000     0.0000
492   0     0.0000    -1.3290    -1.3290     0.0000     0.0000     0.0000
493   0     0.0000     0.6645     0.6645     0.0000     0.0000     0.0000
494   0     0.0000     0.6645     0.6645     0.0000     0.0000     0.0000
495   0     0.0000    -1.3290    -1.3290     0.0000     0.0000     0.0000
496   0     0.0000     0.6645     0.6645     0.0000     0.0000     0.0000
497   0     0.0000     0.6645     0.6645     0.0000     0.0000     0.0000
498   0     0.0000    -1.3290    -1.3290     0.0000     0.0000     0.0000
499   0     0.0000     0.6645     0.6645     0.0000     0.0000     0.0000
500   0     0.0000     0.6645     0.6645     0.0000     0.0000     0.0000
501   0     0.0000    -1.3290    -1.3290     0.0000     0.0000     0.0000
502   0     0.0000     0.6645     0.6645     0.0000     0.0000     0.0000
503   0     0.0000     0.6645     0.6645     0.0000     0.0000     0.0000
504   0     0.0000    -1.3290    -1.3290     0.0000     0.0000     0.0000
505   0     0.0000     0.6645     0.6645     0.0000     0.0000     0.0000
506   0     0.0000     0.6645     0.6645     0.0000     0.0000     0.0000
507   0     0.0000    -1.3290    -1.3290     0.0000     0.0000     0.0000
508   0     0.0000     0.6645     0.6645     0.0000     0.0000     0.0000
509   0     0.0000     0.6645     0.6645     0.0000     0.0000     0.0000
510   0     0.0000    -1.3290    -1.3290     0.0000     0.0000     0.0000
511   0     0.0000     0.6645     0.6645     0.0000     0.0000     0.0000
512   0     0.0000     0.6645     0.6645     0.0000     0.0000     0.0000
513   0     0.0000    -1.3290    -1.3290     0.0000     0.0000     0.0000
514   0     0.0000     0.6645     0.6645     0.0000     0.0000     0.0000
515   0     0.0000     0.6645     0.6645     0.0000     0.0000     0.0000
516   0     0.0000    -1.3290    -1.3290     0.0000     0.0000     0.0000
517   0     0.0000     0.6645     0.6645     0.0000     0.0000     0.0000
518   0     0.0000     0.6645     0.6645     0.0000     0.0000     0.0000
519   0     0.0000    -1.3290    -1.3290     0.0000     0.0000     0.0000
520   0     0.0000     0.6645     0.6645     0.0000     0.0000     0.0000
521   0     0.0000     0.6645     0.6645     0.0000     0.0000     0.0000
522   0     0.0000    -1.3290    -1.3290     0.0000     0.0000     0.0000
523   0     0.0000     0.6645     0.6645     0.0000     0.0000     0.0000
524   0     0.0000     0.6645     0.6645     0.0000     0.0000     0.0000
525   0     0.0000    -1.3290    -1.3290     0.0000     0.0000     0.0000
526   0     0.0000     0.6645     0.6645     0.0000     0.0000     0.0000
527   0     0.0000     0.6645     0.6645     0.0000     0.0000     0.0000
528   0     0.0000    -1.3290    -1.3290     0.0000     0.0000     0.0000
529   0     0.0000     0.6645     0.6645     0.0000     0.0000     0.0000
530   0     0.0000     0.6645     0.6645     0.0000     0.0000     0.0000
531   0     0.0000    -1.3290    -1.3290     0.0000     0.0000     0.0000
532   0     0.0000     0.6645     0.6645     0.0000     0.0000     0.0000
533   0     0.0000     0.6645     0.6645     0.0000     0.0000     0.0000
534   0     0.0000    -1.3290    -1.3290     0.0000     0.0000     0.0000
535   0     0.0000     0.6645     0.6645     0.0000     0.0000     0.0000
536   0     0.0000     0.6645     0.6645     0.0000     0.0000     0.0000
537   0     0.0000    -1.3290    -1.3290     0.0000     0.0000     0.0000
538   0     0.0000     0.6645     0.6645     0.0000     0.0000     0.0000
539   0     0.0000     0.6645     0.6645     0.0000     0.0000     0.0000
540   0     0.0000    -1.3290    -1.3290     0.0000     0.0000     0.0000
541   0     0.0000     0.6645     0.6645     0.0000     0.0000     0.0000
542   0     0.0000     0.6645     0.6645     0.0000     0.0000     0.0000
543   0     0.0000    -1.3290    -1.3290     0.0000     0.0000     0.0000
544   0     0.0000     0.6645     0.6645     0.0000     0.0000     0.0000
545   0     0.0000     0.6645     0.6645     0.0000     0.0000     0.0000
546   0     0.0000    -1.3290    -1.3290     0.0000     0.0000     0.0000
547   0     0.0000     0.6645     0.6645     0.0000     0.0000     0.0000
548   0     0.0000     0.6645     0.6645     0.0000     0.0000     0.0000
549   0     0.0000    -1.3290    -1.3290     0.0000     0.0000     0.0000
550   0     0.0000     0.6645     0.6645     0.0000     0.0000     0.0000
551   0     0.0000     0.6645     0.6645     0.0000     0.0000     0.0000
552   0     0.0000    -1.3290    -1.3290     0.0000     0.0000     0.0000
553   0     0.0000     0.6645     0.6645     0.0000     0.0000     0.0000
554   0     0.0000     0.6645     0.6645     0.0000     0.0000     0.0000
555   0     0.0000    -1.3290    -1.3290     0.0000     0.0000     0.0000
556   0     0.0000     0.6645     0.6645     0.0000     0.0000     0.0000
557   0     0.0000     0.6645     0.6645     0.0000     0.0000     0.0000
558   0     0.0000    -1.3290    -1.3290     0.0000     0.0000     0.0000
559   0     0.0000     0.6645     0.6645     0.0000     0.0000     0.0000
560   0     0.0000     0.6645     0.6645     0.0000     0.0000     0.0000
561   0     0.0000    -1.3290    -1.3290     0.0000     0.0000     0.0000
562   0     0.0000     0.6645     0.6645     0.0000     0.0000     0.0000
563   0     0.0000     0.6645     0.6645     0.0000     0.0000     0.0000
564   0     0.0000    -1.3290    -1.3290     0.0000     0.0000     0.0000
565   0     0.0000     0.6645     0.6645     0.0000     0.0000     0.0000
566   0     0.0000     0.6645     0.6645     0.0000     0.0000     0.0000
567   0     0.0000    -1.3290    -1.3290     0.0000     0.0000     0.0000
568   0     0.0000     0.6645     0.6645     0.0000     0.0000     0.0000
569   0     0.0000     0.6645     0.6645     0.0000     0.0000     0.0000
570   0     0.0000    -1.3290    -1.3290     0.0000     0.0000     0.0000
571   0     0.0000     0.6645     0.6645     0.0000     0.0000     0.0000
572   0     0.0000     0.6645     0.6645     0.0000     0.0000     0.0000
573   0     0.0000    -1.3290    -1.3290     0.0000     0.0000     0.0000
574   0     0.0000     0.6645     0.6645     0.0000     0.0000     0.0000
575   0     0.0000     0.6645     0.6645     0.0000     0.0000     0.0000
576   0     0.0000    -1.3290    -1.3290     0.0000     0.0000     0.0000
577   0     0.0000     0.6645     0.6645     0.0000     0.0000     0.0000
578   0     0.0000     0.6645     0.6645     0.0000     0.0000     0.0000
579   0     0.0000    -1.3290    -1.3290     0.0000     0.0000     0.0000
580   0     0.0000     0.6645     0.6645     0.0000     0.0000     0.0000
581   0     0.0000     0.6645     0.6645     0.0000     0.0000     0.0000
582   0     0.0000    -1.3290    -1.3290     0.0000     0.0000     0.0000
583   0     0.0000     0.6645     0.6645     0.0000     0.0000     0.0000
584   0     0.0000     0.6645     0.6645     0.0000     0.0000     0.0000
585   0     0.0000    -1.3290    -1.3290     0.0000     0.0000     0.0000
586   0     0.0000     0.6645     0.6645     0.0000     0.0000     0.0000
587   0     0.0000     0.6645     0.6645     0.0000     0.0000     0.0000
588   0     0.0000    -1.3290    -1.3290     0.0000     0.0000     0.0000
589   0     0.0000     0.6645     0.6645     0.0000     0.0000     0.0000
590   0     0.0000     0.6645     0.6645     0.0000     0.0000     0.0000
591   0     0.0000    -1.3290    -1.3290     0.0000     0.0000     0.0000
592   0     0.0000     0.6645     0.6645     0.0000     0.0000     0.0000
593   0     0.0000     0.6645     0.6645     0.0000     0.0000     0.0000
594   0     0.0000    -1.3290    -1.3290     0.0000     0.0000     0.0000
595   0     0.0000     0.6645     0.6645     0.0000     0.0000     0.0000
596   0     0.0000     0.6645     0.6645     0.0000     0.0000     0.0000
597   0     0.0000    -1.3290    -1.3290     0.0000     0.0000     0.0000
598   0     0.0000     0.6645     0.6645     0.0000     0.0000     0.0000
599   0     0.0000     0.6645     0.6645     0.0000     0.0000     0.0000
600   0     0.0000    -1.3290    -1.3290     0.0000     0.0000     0.0000
601   0     0.0000     0.6645     0.6645     0.0000     0.0000     0.0000
602   0     0.0000     0.6645     0.6645     0.0000     0.0000     0.0000
603   0     0.0000    -1.3290    -1.3290     0.0000     0.0000     0.0000
604   0     0.0000     0.6645     0.6645     0.0000     0.0000     0.0000
605   0     0.0000     0.6645     0.6645     0.0000     0.0000     0.0000
606   0     0.0000    -1.3290    -1.3290     0.0000     0.0000     0.0000
607   0     0.0000     0.6645     0.6645     0.0000     0.0000     0.0000
608   0     0.0000     0.6645     0.6645     0.0000     0.0000     0.0000
609   0     0.0000    -1.3290    -1.3290     0.0000     0.0000     0.0000
      Bond orders larger than 0.1000000
           Atom A     A.N. of A          Atom B    A.N. of B              Bond order
                0             6               1            1                0.979044
                0             6               2            1                1.026949
                0             6               3            6                0.519976
                0             6               6            6                0.146547
                0             6              14            8                0.768792
                3             6               4            1                1.012919
                3             6               5            1                1.053293
                3             6               6            6                0.726552
                6             6               7            1                1.067392
                6             6               8            1                1.007703
                6             6               9            6                0.687077
                9             6              10            1                1.049870
                9             6              11            1                1.030504
                9             6              12            8                0.832907
               12             8              13            1                0.915492
               14             8              15            1                0.945342
               16             8              17            1                0.808114
               16             8              18            1                0.910266
               16             8              72            1                0.106606
               19             8              20            1                0.921593
               19             8              21            1                0.874657
               22             8              23            1                0.972880
               22             8              24            1                0.851926
               25             8              26            1                0.895493
               25             8              27            1                0.974323
               28             8              29            1                0.932696
               28             8              30            1                0.941968
               28             8              52            8                0.106615
               31             8              32            1                0.921187
               31             8              33            1                0.929353
               34             8              35            1                0.975099
               34             8              36            1                0.936770
               37             8              38            1                0.943484
               37             8              39            1                0.904879
               40             8              41            1                0.984493
               40             8              42            1                0.891978
               43             8              44            1                0.962371
               43             8              45            1                0.947873
               46             8              47            1                0.882193
               46             8              48            1                0.827400
               49             8              50            1                0.920949
               49             8              51            1                0.935558
               52             8              53            1                0.869321
               52             8              54            1                0.911842
               55             8              56            1                0.874081
               55             8              57            1                0.894928
               58             8              59            1                0.928328
               58             8              60            1                0.888263
               61             8              62            1                0.913158
               61             8              63            1                0.897756
               64             8              65            1                0.887328
               64             8              66            1                0.959418
               67             8              68            1                0.924806
               67             8              69            1                0.954011
               70             8              71            1                0.906714
               70             8              72            1                0.883538
               73             8              74            1                1.003796
               73             8              75            1                0.931258
               76             8              77            1                0.935622
               76             8              78            1                0.899337
               79             8              80            1                0.945806
               79             8              81            1                0.974377
               82             8              83            1                0.936458
               82             8              84            1                0.951875
               85             8              86            1                0.943720
               85             8              87            1                0.962715
               88             8              89            1                0.876891
               88             8              90            1                0.931103
               91             8              92            1                0.966334
               91             8              93            1                0.927393
# -----------------------------------------------------------
$ SCF_Electric_Properties
   description: The SCF Calculated Electric Properties
   geom. index: 1
   prop. index: 1
       Filename                          : final032.orca.scfp 
       Do Dipole Moment Calculation      : true 
       Do Quadrupole Moment Calculation  : false 
       Do Polarizability Calculation     : false 
** Dipole moment part of electric properties **
        Magnitude of dipole moment (Debye) :       51.0021339121
        Electronic Contribution:
                  0    
      0       0.262246
      1      -0.879493
      2       1.546305
        Nuclear Contribution:
                  0    
      0      12.826915
      1      11.532266
      2     -12.400411
        Total Dipole moment:
                  0    
      0      13.089161
      1      10.652773
      2     -10.854106
# -------------------------------------------------------------
----------------------- !GEOMETRIES! ------------------------
# -------------------------------------------------------------
------------------------ !GEOMETRY! -------------------------
    Number of atoms:    610 
    Geometry Index:     1 
    Coordinates:
               0 C     12.140000000000    9.710000000000    9.790000000000
               1 H     12.320000000000   10.340000000000    8.880000000000
               2 H     11.570000000000    8.890000000000    9.430000000000
               3 C     11.410000000000   10.560000000000   10.680000000000
               4 H     11.270000000000   10.060000000000   11.690000000000
               5 H     12.050000000000   11.370000000000   10.920000000000
               6 C     10.080000000000   11.150000000000   10.200000000000
               7 H      9.300000000000   10.430000000000   10.270000000000
               8 H     10.210000000000   11.350000000000    9.090000000000
               9 C      9.500000000000   12.330000000000   10.990000000000
              10 H      8.450000000000   12.320000000000   10.650000000000
              11 H     10.010000000000   13.320000000000   10.800000000000
              12 O      9.400000000000   12.110000000000   12.410000000000
              13 H     10.060000000000   12.670000000000   12.910000000000
              14 O     13.340000000000    9.200000000000   10.520000000000
              15 H     13.090000000000    8.460000000000   11.100000000000
              16 O     14.820000000000   10.340000000000   12.460000000000
              17 H     14.190000000000   10.070000000000   11.730000000000
              18 H     14.320000000000   11.060000000000   12.880000000000
              19 O      8.740000000000    9.990000000000   14.470000000000
              20 H      9.280000000000   10.510000000000   13.870000000000
              21 H      8.450000000000    9.100000000000   14.070000000000
              22 O     15.580000000000    9.570000000000    8.910000000000
              23 H     16.300000000000   10.170000000000    9.130000000000
              24 H     14.940000000000    9.430000000000    9.640000000000
              25 O     11.830000000000    7.820000000000    6.670000000000
              26 H     12.680000000000    8.290000000000    6.830000000000
              27 H     12.120000000000    7.030000000000    6.220000000000
              28 O     10.020000000000   13.720000000000    7.270000000000
              29 H      9.380000000000   13.030000000000    7.430000000000
              30 H     10.370000000000   13.420000000000    6.410000000000
              31 O     11.370000000000   13.830000000000   13.390000000000
              32 H     11.710000000000   14.040000000000   12.500000000000
              33 H     11.800000000000   12.940000000000   13.470000000000
              34 O     11.070000000000    5.420000000000    4.790000000000
              35 H     10.150000000000    5.350000000000    4.650000000000
              36 H     11.510000000000    4.910000000000    4.070000000000
              37 O      9.150000000000    8.510000000000    7.650000000000
              38 H      8.610000000000    8.390000000000    6.890000000000
              39 H      9.960000000000    8.150000000000    7.300000000000
              40 O      7.720000000000   15.240000000000   10.890000000000
              41 H      7.700000000000   16.180000000000   10.690000000000
              42 H      8.240000000000   15.280000000000   11.730000000000
              43 O     13.060000000000    7.000000000000   12.590000000000
              44 H     12.520000000000    6.560000000000   11.930000000000
              45 H     13.820000000000    6.400000000000   12.800000000000
              46 O     16.330000000000    7.230000000000    7.340000000000
              47 H     17.060000000000    6.730000000000    7.680000000000
              48 H     16.150000000000    8.060000000000    7.900000000000
              49 O      8.280000000000   15.560000000000    7.970000000000
              50 H      9.140000000000   15.140000000000    7.780000000000
              51 H      7.930000000000   15.290000000000    8.870000000000
              52 O     11.050000000000   13.090000000000    4.930000000000
              53 H     11.980000000000   12.740000000000    4.910000000000
              54 H     11.180000000000   14.040000000000    4.600000000000
              55 O     11.800000000000    4.550000000000    7.540000000000
              56 H     12.750000000000    4.480000000000    7.810000000000
              57 H     11.630000000000    4.620000000000    6.570000000000
              58 O      8.200000000000   11.670000000000    7.650000000000
              59 H      8.230000000000   10.680000000000    7.740000000000
              60 H      7.790000000000   11.910000000000    6.780000000000
              61 O     11.590000000000    8.970000000000    3.970000000000
              62 H     11.160000000000    9.860000000000    3.820000000000
              63 H     11.600000000000    8.750000000000    4.890000000000
              64 O      6.980000000000   12.160000000000   14.060000000000
              65 H      7.540000000000   12.110000000000   13.250000000000
              66 H      6.880000000000   11.210000000000   14.230000000000
              67 O     13.300000000000   11.570000000000   14.530000000000
              68 H     14.010000000000   11.920000000000   15.080000000000
              69 H     13.120000000000   10.640000000000   14.780000000000
              70 O     16.380000000000    8.740000000000   13.780000000000
              71 H     17.120000000000    8.480000000000   13.240000000000
              72 H     15.690000000000    9.220000000000   13.330000000000
              73 O      8.910000000000   15.680000000000   13.270000000000
              74 H      9.270000000000   15.130000000000   13.920000000000
              75 H      8.040000000000   16.120000000000   13.570000000000
              76 O     12.930000000000   14.190000000000   11.180000000000
              77 H     13.790000000000   13.700000000000   11.110000000000
              78 H     12.750000000000   14.300000000000   10.230000000000
              79 O     12.390000000000   14.980000000000    8.510000000000
              80 H     13.230000000000   15.130000000000    8.030000000000
              81 H     11.790000000000   14.620000000000    7.930000000000
              82 O      8.250000000000    7.580000000000   13.160000000000
              83 H      7.580000000000    7.230000000000   13.790000000000
              84 H      8.770000000000    6.840000000000   12.930000000000
              85 O     13.540000000000    9.890000000000    6.920000000000
              86 H     14.460000000000    9.940000000000    7.250000000000
              87 H     13.640000000000    9.880000000000    5.970000000000
              88 O     17.130000000000   12.260000000000    8.170000000000
              89 H     17.610000000000   11.740000000000    7.500000000000
              90 H     17.610000000000   11.900000000000    8.890000000000
              91 O     10.200000000000    8.740000000000   16.570000000000
              92 H     11.030000000000    8.660000000000   16.120000000000
              93 H      9.600000000000    9.220000000000   15.990000000000
              94 Q     12.730000000000    1.000000000000    8.030000000000
              95 Q     13.810000000000    0.590000000000    7.050000000000
              96 Q     13.530000000000    0.890000000000    7.780000000000
              97 Q      8.980000000000    7.180000000000   17.080000000000
              98 Q      8.590000000000    6.110000000000   18.060000000000
              99 Q      8.630000000000    6.460000000000   17.280000000000
             100 Q     15.610000000000    3.110000000000    8.310000000000
             101 Q     15.060000000000    1.860000000000    7.900000000000
             102 Q     15.630000000000    2.430000000000    7.890000000000
             103 Q      6.240000000000    2.000000000000    7.160000000000
             104 Q      5.480000000000    2.510000000000    5.960000000000
             105 Q      5.880000000000    2.600000000000    6.720000000000
             106 Q     14.820000000000    0.550000000000   12.710000000000
             107 Q     15.210000000000    1.900000000000   12.640000000000
             108 Q     14.640000000000    1.340000000000   12.770000000000
             109 Q      5.110000000000   14.810000000000    4.260000000000
             110 Q      3.620000000000   14.510000000000    4.390000000000
             111 Q      4.340000000000   14.720000000000    3.970000000000
             112 Q     17.350000000000    9.320000000000   15.230000000000
             113 Q     18.620000000000    9.790000000000   15.740000000000
             114 Q     17.870000000000    9.500000000000   15.840000000000
             115 Q      6.060000000000    7.340000000000   10.650000000000
             116 Q      7.070000000000    8.170000000000   11.170000000000
             117 Q      6.740000000000    7.750000000000   10.530000000000
             118 Q     16.830000000000    5.480000000000   12.150000000000
             119 Q     18.230000000000    5.060000000000   11.660000000000
             120 Q     17.380000000000    5.070000000000   11.620000000000
             121 Q     18.990000000000    5.060000000000    8.370000000000
             122 Q     17.910000000000    5.320000000000    9.480000000000
             123 Q     18.390000000000    5.540000000000    8.810000000000
             124 Q      5.520000000000   11.490000000000    9.460000000000
             125 Q      6.270000000000   12.290000000000    8.420000000000
             126 Q      5.590000000000   12.070000000000    8.890000000000
             127 Q     18.330000000000    9.440000000000    6.130000000000
             128 Q     17.540000000000    8.080000000000    6.390000000000
             129 Q     18.120000000000    8.590000000000    6.010000000000
             130 Q     12.190000000000    6.780000000000   20.240000000000
             131 Q     12.270000000000    5.260000000000   20.080000000000
             132 Q     12.100000000000    6.060000000000   19.820000000000
             133 Q      3.980000000000   15.220000000000    8.040000000000
             134 Q      2.620000000000   15.860000000000    7.930000000000
             135 Q      3.170000000000   15.250000000000    7.830000000000
             136 Q      8.290000000000   18.300000000000   16.710000000000
             137 Q      6.930000000000   18.270000000000   17.320000000000
             138 Q      7.470000000000   18.260000000000   16.670000000000
             139 Q      6.800000000000   16.140000000000   20.950000000000
             140 Q      7.740000000000   14.920000000000   21.010000000000
             141 Q      7.520000000000   15.700000000000   20.800000000000
             142 Q     14.540000000000    3.730000000000   15.860000000000
             143 Q     14.390000000000    5.220000000000   16.290000000000
             144 Q     14.550000000000    4.600000000000   15.780000000000
             145 Q     10.770000000000   18.470000000000   14.030000000000
             146 Q     12.230000000000   18.690000000000   13.600000000000
             147 Q     11.590000000000   18.500000000000   14.130000000000
             148 Q     18.950000000000   13.880000000000   10.410000000000
             149 Q     20.170000000000   14.850000000000   10.320000000000
             150 Q     19.560000000000   14.390000000000   10.710000000000
             151 Q     16.140000000000   10.720000000000    2.100000000000
             152 Q     15.590000000000    9.690000000000    1.000000000000
             153 Q     15.870000000000    9.950000000000    1.780000000000
             154 Q      6.090000000000   11.150000000000    2.710000000000
             155 Q      5.430000000000   11.510000000000    3.980000000000
             156 Q      5.440000000000   11.390000000000    3.160000000000
             157 Q     12.070000000000   18.720000000000   19.000000000000
             158 Q     11.140000000000   17.500000000000   18.300000000000
             159 Q     11.520000000000   17.990000000000   18.920000000000
             160 Q     15.430000000000    5.470000000000   14.180000000000
             161 Q     15.850000000000    6.980000000000   13.890000000000
             162 Q     15.700000000000    6.140000000000   13.700000000000
             163 Q      6.700000000000    8.540000000000    8.620000000000
             164 Q      5.250000000000    8.930000000000    8.130000000000
             165 Q      6.110000000000    8.910000000000    8.120000000000
             166 Q     17.340000000000   12.670000000000    3.410000000000
             167 Q     18.740000000000   13.330000000000    3.730000000000
             168 Q     18.110000000000   12.770000000000    3.850000000000
             169 Q     18.400000000000    3.970000000000    3.800000000000
             170 Q     18.490000000000    5.420000000000    4.270000000000
             171 Q     18.080000000000    4.720000000000    4.040000000000
             172 Q      7.640000000000    3.070000000000    5.310000000000
             173 Q      8.490000000000    2.320000000000    4.290000000000
             174 Q      8.260000000000    2.570000000000    5.060000000000
             175 Q      6.000000000000    4.720000000000    3.230000000000
             176 Q      7.180000000000    3.790000000000    3.350000000000
             177 Q      6.690000000000    4.440000000000    3.560000000000
             178 Q     14.590000000000    3.390000000000    4.050000000000
             179 Q     14.330000000000    2.840000000000    2.540000000000
             180 Q     14.440000000000    2.830000000000    3.420000000000
             181 Q     17.050000000000   19.800000000000    8.540000000000
             182 Q     15.790000000000   19.920000000000    9.330000000000
             183 Q     16.530000000000   19.580000000000    9.150000000000
             184 Q      9.700000000000   17.030000000000   12.400000000000
             185 Q      9.430000000000   18.490000000000   12.250000000000
             186 Q      9.620000000000   17.730000000000   11.940000000000
             187 Q     16.670000000000   17.920000000000    6.780000000000
             188 Q     15.950000000000   18.450000000000    5.520000000000
             189 Q     16.310000000000   17.850000000000    6.000000000000
             190 Q     15.660000000000   17.510000000000   15.200000000000
             191 Q     14.590000000000   16.980000000000   14.320000000000
             192 Q     15.020000000000   17.010000000000   15.040000000000
             193 Q     10.970000000000   11.030000000000   18.260000000000
             194 Q     10.680000000000    9.640000000000   18.000000000000
             195 Q     11.000000000000   10.250000000000   18.430000000000
             196 Q     10.710000000000   11.580000000000    2.470000000000
             197 Q     10.320000000000   11.920000000000    3.830000000000
             198 Q     10.210000000000   11.500000000000    3.120000000000
             199 Q      9.210000000000    8.090000000000   20.180000000000
             200 Q      9.850000000000    9.390000000000   19.700000000000
             201 Q      9.310000000000    8.930000000000   20.140000000000
             202 Q      7.810000000000    4.250000000000    9.340000000000
             203 Q      6.600000000000    3.300000000000    9.500000000000
             204 Q      7.390000000000    3.580000000000    9.680000000000
             205 Q     21.740000000000    7.800000000000   13.400000000000
             206 Q     21.690000000000    8.770000000000   12.160000000000
             207 Q     21.570000000000    8.530000000000   12.980000000000
             208 Q     18.730000000000   11.690000000000    5.660000000000
             209 Q     19.340000000000   11.220000000000    7.100000000000
             210 Q     18.800000000000   11.210000000000    6.410000000000
             211 Q     17.180000000000   14.590000000000    1.830000000000
             212 Q     16.890000000000   15.370000000000    3.130000000000
             213 Q     16.910000000000   15.270000000000    2.280000000000
             214 Q      6.700000000000   11.970000000000   21.540000000000
             215 Q      6.330000000000   12.940000000000   20.290000000000
             216 Q      6.680000000000   12.730000000000   21.100000000000
             217 Q     17.170000000000    7.500000000000   16.070000000000
             218 Q     17.410000000000    6.000000000000   15.630000000000
             219 Q     17.170000000000    6.640000000000   16.140000000000
             220 Q     12.720000000000    1.820000000000   15.850000000000
             221 Q     13.890000000000    1.160000000000   15.310000000000
             222 Q     13.510000000000    1.680000000000   15.800000000000
             223 Q      2.110000000000   18.100000000000    8.800000000000
             224 Q      2.860000000000   18.000000000000    7.590000000000
             225 Q      2.220000000000   17.800000000000    8.020000000000
             226 Q      8.210000000000   11.820000000000   17.700000000000
             227 Q      8.260000000000   10.800000000000   18.750000000000
             228 Q      7.930000000000   11.160000000000   18.100000000000
             229 Q     17.410000000000    3.370000000000   12.550000000000
             230 Q     17.480000000000    2.970000000000   14.040000000000
             231 Q     17.320000000000    2.840000000000   13.240000000000
             232 Q     17.050000000000   10.730000000000   17.050000000000
             233 Q     15.670000000000   10.690000000000   17.800000000000
             234 Q     16.400000000000   11.050000000000   17.520000000000
             235 Q     17.820000000000   14.850000000000   14.310000000000
             236 Q     16.450000000000   15.500000000000   14.350000000000
             237 Q     16.960000000000   14.900000000000   14.190000000000
             238 Q     11.640000000000    2.360000000000   11.570000000000
             239 Q     12.950000000000    2.500000000000   12.350000000000
             240 Q     12.300000000000    2.790000000000   11.910000000000
             241 Q      7.010000000000   20.080000000000   15.970000000000
             242 Q      5.730000000000   20.830000000000   16.010000000000
             243 Q      6.520000000000   20.780000000000   15.850000000000
             244 Q     13.950000000000   13.980000000000   16.670000000000
             245 Q     12.810000000000   15.130000000000   16.640000000000
             246 Q     13.310000000000   14.480000000000   16.980000000000
             247 Q     12.080000000000   20.090000000000    7.510000000000
             248 Q     12.040000000000   19.380000000000    8.890000000000
             249 Q     12.400000000000   19.820000000000    8.250000000000
             250 Q     15.690000000000   13.320000000000    8.750000000000
             251 Q     15.690000000000   14.000000000000   10.040000000000
             252 Q     15.590000000000   13.990000000000    9.260000000000
             253 Q      6.430000000000   17.420000000000   14.970000000000
             254 Q      5.890000000000   17.280000000000   13.490000000000
             255 Q      6.260000000000   17.050000000000   14.220000000000
             256 Q      5.960000000000    9.600000000000   10.540000000000
             257 Q      5.470000000000   10.080000000000   11.890000000000
             258 Q      5.860000000000   10.200000000000   11.160000000000
             259 Q      2.850000000000   14.310000000000    9.760000000000
             260 Q      1.820000000000   13.270000000000    9.420000000000
             261 Q      2.090000000000   13.950000000000    9.800000000000
             262 Q      6.470000000000   12.700000000000   18.320000000000
             263 Q      5.060000000000   12.370000000000   18.880000000000
             264 Q      5.730000000000   12.860000000000   18.690000000000
             265 Q      9.140000000000   16.400000000000   17.170000000000
             266 Q     10.440000000000   16.390000000000   16.210000000000
             267 Q      9.850000000000   16.720000000000   16.760000000000
             268 Q      0.660000000000    7.430000000000    7.860000000000
             269 Q      1.800000000000    8.530000000000    7.730000000000
             270 Q      0.980000000000    8.200000000000    7.740000000000
             271 Q      7.770000000000    0.420000000000    8.890000000000
             272 Q      8.240000000000    1.810000000000    9.270000000000
             273 Q      8.250000000000    0.970000000000    9.300000000000
             274 Q      6.630000000000   10.220000000000   16.570000000000
             275 Q      5.110000000000   10.270000000000   16.070000000000
             276 Q      5.910000000000    9.940000000000   16.190000000000
             277 Q     10.830000000000    4.340000000000   15.800000000000
             278 Q      9.940000000000    4.960000000000   16.880000000000
             279 Q     10.390000000000    4.360000000000   16.540000000000
             280 Q     14.480000000000   17.470000000000   11.940000000000
             281 Q     14.170000000000   16.060000000000   12.110000000000
             282 Q     14.600000000000   16.720000000000   12.260000000000
             283 Q      0.870000000000   11.430000000000   12.890000000000
             284 Q      1.070000000000   12.450000000000   14.050000000000
             285 Q      0.650000000000   11.950000000000   13.500000000000
             286 Q     11.660000000000   19.620000000000   15.950000000000
             287 Q     11.670000000000   21.080000000000   15.810000000000
             288 Q     11.800000000000   20.380000000000   16.220000000000
             289 Q     14.470000000000   17.580000000000   16.740000000000
             290 Q     13.660000000000   17.870000000000   18.130000000000
             291 Q     14.300000000000   17.900000000000   17.550000000000
             292 Q      4.180000000000   12.110000000000    7.680000000000
             293 Q      3.180000000000   12.750000000000    6.710000000000
             294 Q      3.770000000000   12.210000000000    6.940000000000
             295 Q      5.500000000000    5.670000000000   14.230000000000
             296 Q      4.630000000000    4.610000000000   13.670000000000
             297 Q      5.220000000000    5.180000000000   13.610000000000
             298 Q     13.250000000000   20.980000000000    9.690000000000
             299 Q     13.600000000000   22.350000000000   10.260000000000
             300 Q     13.390000000000   21.540000000000   10.300000000000
             301 Q     13.660000000000   17.740000000000    4.290000000000
             302 Q     13.300000000000   16.830000000000    5.410000000000
             303 Q     13.150000000000   17.470000000000    4.930000000000
             304 Q     18.350000000000    0.810000000000    9.380000000000
             305 Q     17.310000000000    1.480000000000    8.360000000000
             306 Q     17.840000000000    0.870000000000    8.660000000000
             307 Q     15.780000000000   13.650000000000   15.400000000000
             308 Q     15.820000000000   12.400000000000   16.310000000000
             309 Q     15.460000000000   12.970000000000   15.780000000000
             310 Q     20.770000000000   10.680000000000   14.770000000000
             311 Q     20.600000000000   10.980000000000   16.250000000000
             312 Q     20.420000000000   10.560000000000   15.530000000000
             313 Q      4.370000000000   16.080000000000   14.830000000000
             314 Q      3.080000000000   16.580000000000   15.690000000000
             315 Q      3.720000000000   16.000000000000   15.390000000000
             316 Q     19.820000000000    8.600000000000   12.670000000000
             317 Q     18.610000000000    9.580000000000   12.290000000000
             318 Q     19.000000000000    8.840000000000   12.480000000000
             319 Q      4.370000000000   18.640000000000   12.300000000000
             320 Q      4.240000000000   17.290000000000   11.720000000000
             321 Q      4.680000000000   17.900000000000   12.050000000000
             322 Q     11.840000000000    4.180000000000    2.210000000000
             323 Q     11.730000000000    2.730000000000    2.830000000000
             324 Q     11.460000000000    3.510000000000    2.590000000000
             325 Q     15.080000000000    5.780000000000    7.990000000000
             326 Q     14.270000000000    5.050000000000    9.120000000000
             327 Q     14.680000000000    5.130000000000    8.380000000000
             328 Q     18.340000000000   11.520000000000   11.280000000000
             329 Q     19.640000000000   11.380000000000   10.190000000000
             330 Q     18.800000000000   11.400000000000   10.480000000000
             331 Q     16.420000000000   13.260000000000    6.660000000000
             332 Q     16.620000000000   14.010000000000    5.310000000000
             333 Q     16.220000000000   13.590000000000    5.920000000000
             334 Q      3.740000000000    6.440000000000   10.750000000000
             335 Q      4.670000000000    6.100000000000   11.960000000000
             336 Q      4.480000000000    6.430000000000   11.200000000000
             337 Q      2.270000000000   14.560000000000    6.100000000000
             338 Q      1.680000000000   14.180000000000    4.670000000000
             339 Q      2.100000000000   14.010000000000    5.420000000000
             340 Q     10.040000000000    1.310000000000   15.220000000000
             341 Q     10.720000000000    1.420000000000   16.590000000000
             342 Q     10.720000000000    1.290000000000   15.750000000000
             343 Q     10.910000000000    8.010000000000    2.810000000000
             344 Q     10.970000000000    8.150000000000    1.280000000000
             345 Q     10.780000000000    7.750000000000    2.010000000000
             346 Q     16.550000000000   16.810000000000   12.000000000000
             347 Q     17.600000000000   16.380000000000   10.880000000000
             348 Q     17.300000000000   16.800000000000   11.560000000000
             349 Q      7.070000000000   14.150000000000    1.470000000000
             350 Q      8.580000000000   14.680000000000    1.520000000000
             351 Q      7.780000000000   14.480000000000    1.840000000000
             352 Q     15.040000000000   20.510000000000   13.800000000000
             353 Q     14.630000000000   19.930000000000   12.360000000000
             354 Q     15.070000000000   20.410000000000   12.940000000000
             355 Q     10.160000000000    0.400000000000   10.460000000000
             356 Q     11.590000000000    0.070000000000   10.940000000000
             357 Q     10.780000000000    0.320000000000   11.020000000000
             358 Q     21.310000000000   15.570000000000   14.220000000000
             359 Q     22.600000000000   14.960000000000   14.490000000000
             360 Q     21.820000000000   15.120000000000   14.670000000000
             361 Q     16.350000000000   12.580000000000   12.120000000000
             362 Q     16.230000000000   14.030000000000   12.570000000000
             363 Q     16.130000000000   13.370000000000   12.060000000000
             364 Q      2.480000000000   13.810000000000   15.890000000000
             365 Q      1.210000000000   12.910000000000   16.040000000000
             366 Q      1.930000000000   13.220000000000   15.680000000000
             367 Q      5.650000000000   12.490000000000    5.940000000000
             368 Q      6.700000000000   13.140000000000    4.960000000000
             369 Q      6.340000000000   12.510000000000    5.440000000000
             370 Q      4.550000000000   13.480000000000   12.050000000000
             371 Q      5.250000000000   12.820000000000   13.270000000000
             372 Q      4.610000000000   13.030000000000   12.800000000000
             373 Q     12.690000000000    4.570000000000   14.480000000000
             374 Q     11.650000000000    3.790000000000   13.630000000000
             375 Q     11.960000000000    4.260000000000   14.260000000000
             376 Q      0.280000000000   16.690000000000   10.500000000000
             377 Q      0.690000000000   15.360000000000    9.900000000000
             378 Q      0.140000000000   15.960000000000   10.130000000000
             379 Q      8.700000000000   12.980000000000   20.510000000000
             380 Q      9.960000000000   13.290000000000   19.620000000000
             381 Q      9.270000000000   13.450000000000   20.100000000000
             382 Q      3.700000000000    5.680000000000    7.330000000000
             383 Q      3.170000000000    6.030000000000    5.880000000000
             384 Q      3.140000000000    5.690000000000    6.670000000000
             385 Q     11.820000000000   13.320000000000    2.740000000000
             386 Q     11.030000000000   13.780000000000    1.540000000000
             387 Q     11.600000000000   13.310000000000    1.940000000000
             388 Q      3.940000000000   10.000000000000    4.390000000000
             389 Q      2.450000000000   10.070000000000    4.550000000000
             390 Q      3.210000000000    9.710000000000    4.620000000000
             391 Q      8.160000000000   18.240000000000    6.400000000000
             392 Q      7.660000000000   16.830000000000    6.950000000000
             393 Q      7.630000000000   17.570000000000    6.500000000000
             394 Q     12.680000000000    7.840000000000   14.280000000000
             395 Q     13.220000000000    7.890000000000   15.770000000000
             396 Q     12.700000000000    8.120000000000   15.100000000000
             397 Q     14.460000000000   12.900000000000    5.040000000000
             398 Q     13.800000000000   11.630000000000    4.350000000000
             399 Q     13.840000000000   12.440000000000    4.580000000000
             400 Q     19.540000000000   13.770000000000   12.560000000000
             401 Q     20.390000000000   13.530000000000   13.830000000000
             402 Q     19.670000000000   13.550000000000   13.390000000000
             403 Q      2.790000000000   11.680000000000   15.470000000000
             404 Q      2.610000000000   10.260000000000   15.610000000000
             405 Q      3.060000000000   10.940000000000   15.610000000000
             406 Q     12.080000000000   19.120000000000    5.380000000000
             407 Q     12.060000000000   20.590000000000    5.200000000000
             408 Q     11.780000000000   19.900000000000    5.560000000000
             409 Q      5.440000000000    4.360000000000    7.500000000000
             410 Q      6.300000000000    5.560000000000    8.000000000000
             411 Q      5.610000000000    5.090000000000    7.920000000000
             412 Q     10.510000000000   15.890000000000    0.910000000000
             413 Q      9.810000000000   15.040000000000   -0.240000000000
             414 Q     10.030000000000   15.290000000000    0.560000000000
             415 Q     17.460000000000    1.350000000000    4.950000000000
             416 Q     16.950000000000    2.040000000000    6.350000000000
             417 Q     17.500000000000    1.670000000000    5.770000000000
             418 Q      8.490000000000    5.140000000000    7.050000000000
             419 Q      8.770000000000    6.200000000000    8.240000000000
             420 Q      8.400000000000    5.550000000000    7.840000000000
             421 Q     14.610000000000    9.780000000000    3.210000000000
             422 Q     13.220000000000    9.500000000000    3.880000000000
             423 Q     13.990000000000    9.870000000000    3.820000000000
             424 Q      4.470000000000    8.330000000000   18.910000000000
             425 Q      5.230000000000    8.540000000000   17.580000000000
             426 Q      4.720000000000    8.140000000000   18.130000000000
             427 Q      1.600000000000    5.370000000000   11.370000000000
             428 Q      1.700000000000    6.800000000000   10.940000000000
             429 Q      1.760000000000    5.950000000000   10.820000000000
             430 Q      8.620000000000   21.800000000000   13.180000000000
             431 Q     10.190000000000   21.720000000000   13.170000000000
             432 Q      9.410000000000   21.650000000000   13.500000000000
             433 Q      9.230000000000    3.400000000000   15.430000000000
             434 Q      8.690000000000    3.280000000000   13.980000000000
             435 Q      8.820000000000    3.010000000000   14.790000000000
             436 Q     12.140000000000   16.510000000000   14.950000000000
             437 Q     12.220000000000   14.940000000000   14.660000000000
             438 Q     12.120000000000   15.660000000000   15.150000000000
             439 Q      8.090000000000   17.450000000000    4.490000000000
             440 Q      7.660000000000   17.440000000000    3.060000000000
             441 Q      8.230000000000   17.370000000000    3.670000000000
             442 Q      5.870000000000   14.700000000000   10.630000000000
             443 Q      5.240000000000   13.330000000000   10.140000000000
             444 Q      5.230000000000   14.140000000000   10.440000000000
             445 Q     20.900000000000   12.700000000000   10.550000000000
             446 Q     21.440000000000   12.100000000000   11.890000000000
             447 Q     21.250000000000   12.110000000000   11.050000000000
             448 Q      8.090000000000    6.900000000000    5.330000000000
             449 Q      7.640000000000    5.570000000000    4.790000000000
             450 Q      8.200000000000    6.120000000000    5.080000000000
             451 Q     12.510000000000   18.300000000000   11.210000000000
             452 Q     12.990000000000   19.770000000000   11.400000000000
             453 Q     12.930000000000   18.930000000000   11.580000000000
             454 Q      2.820000000000   14.340000000000   12.750000000000
             455 Q      1.760000000000   14.740000000000   11.790000000000
             456 Q      2.130000000000   14.730000000000   12.550000000000
             457 Q      8.530000000000   20.630000000000    6.220000000000
             458 Q      9.890000000000   19.980000000000    5.820000000000
             459 Q      9.020000000000   20.040000000000    5.890000000000
             460 Q      9.680000000000   19.300000000000   18.550000000000
             461 Q     10.290000000000   20.060000000000   17.500000000000
             462 Q      9.660000000000   19.840000000000   17.930000000000
             463 Q     21.480000000000   10.090000000000    7.910000000000
             464 Q     20.870000000000    9.370000000000    8.850000000000
             465 Q     20.930000000000   10.030000000000    8.490000000000
             466 Q     18.650000000000   15.560000000000    4.690000000000
             467 Q     17.250000000000   16.220000000000    5.270000000000
             468 Q     17.800000000000   15.650000000000    4.840000000000
             469 Q     14.810000000000   12.530000000000    2.710000000000
             470 Q     15.470000000000   12.710000000000    1.360000000000
             471 Q     15.440000000000   12.480000000000    2.170000000000
             472 Q      5.400000000000   14.950000000000   18.600000000000
             473 Q      4.910000000000   15.700000000000   17.260000000000
             474 Q      5.210000000000   15.600000000000   18.080000000000
             475 Q      8.990000000000    7.140000000000    2.100000000000
             476 Q      8.090000000000    6.740000000000    3.110000000000
             477 Q      8.250000000000    6.900000000000    2.340000000000
             478 Q     14.770000000000   15.820000000000   19.890000000000
             479 Q     14.610000000000   14.900000000000   18.610000000000
             480 Q     14.960000000000   15.210000000000   19.330000000000
             481 Q     11.630000000000    3.610000000000   17.790000000000
             482 Q     11.040000000000    3.110000000000   19.040000000000
             483 Q     11.670000000000    3.200000000000   18.520000000000
             484 Q      3.100000000000   10.040000000000    8.720000000000
             485 Q      3.490000000000    9.980000000000    7.240000000000
             486 Q      3.370000000000    9.640000000000    8.020000000000
             487 Q     10.590000000000   17.650000000000   10.250000000000
             488 Q     11.650000000000   16.720000000000    9.580000000000
             489 Q     11.340000000000   17.470000000000    9.850000000000
             490 Q      7.480000000000   15.750000000000    5.080000000000
             491 Q      7.560000000000   14.940000000000    3.920000000000
             492 Q      7.270000000000   15.100000000000    4.660000000000
             493 Q      4.190000000000    8.720000000000   13.740000000000
             494 Q      4.490000000000   10.190000000000   14.210000000000
             495 Q      4.600000000000    9.480000000000   13.740000000000
             496 Q     11.330000000000    2.690000000000    8.210000000000
             497 Q     10.240000000000    1.600000000000    8.390000000000
             498 Q     10.990000000000    1.980000000000    8.530000000000
             499 Q     13.080000000000   10.200000000000   18.660000000000
             500 Q     13.910000000000    9.070000000000   18.490000000000
             501 Q     13.830000000000    9.860000000000   18.580000000000
             502 Q     18.560000000000    3.360000000000   16.080000000000
             503 Q     19.230000000000    4.250000000000   15.030000000000
             504 Q     18.600000000000    3.960000000000   15.480000000000
             505 Q     20.390000000000    5.660000000000   10.840000000000
             506 Q     20.720000000000    5.600000000000   12.290000000000
             507 Q     20.350000000000    5.330000000000   11.590000000000
             508 Q     15.380000000000    5.480000000000    4.470000000000
             509 Q     14.900000000000    6.850000000000    4.340000000000
             510 Q     15.010000000000    6.110000000000    4.080000000000
             511 Q     13.050000000000   14.690000000000    1.110000000000
             512 Q     14.380000000000   15.000000000000    0.420000000000
             513 Q     13.740000000000   15.170000000000    0.940000000000
             514 Q     16.710000000000   15.820000000000    9.000000000000
             515 Q     16.680000000000   17.410000000000    9.150000000000
             516 Q     16.960000000000   16.630000000000    8.880000000000
             517 Q     12.610000000000    4.480000000000   10.550000000000
             518 Q     11.950000000000    5.190000000000    9.520000000000
             519 Q     12.480000000000    5.150000000000   10.130000000000
             520 Q     21.160000000000   12.880000000000    7.570000000000
             521 Q     20.110000000000   13.860000000000    7.520000000000
             522 Q     20.650000000000   13.420000000000    7.900000000000
             523 Q     16.800000000000    6.420000000000   18.130000000000
             524 Q     17.340000000000    6.690000000000   19.530000000000
             525 Q     16.820000000000    6.330000000000   18.980000000000
             526 Q     19.550000000000    7.210000000000    9.340000000000
             527 Q     19.660000000000    8.210000000000   10.530000000000
             528 Q     19.940000000000    7.670000000000    9.930000000000
             529 Q     11.400000000000   16.640000000000    4.290000000000
             530 Q     10.100000000000   16.130000000000    3.760000000000
             531 Q     10.920000000000   16.090000000000    3.880000000000
             532 Q      9.010000000000   19.890000000000   13.990000000000
             533 Q      8.180000000000   18.580000000000   14.360000000000
             534 Q      8.830000000000   19.030000000000   14.050000000000
             535 Q      1.190000000000    8.710000000000    9.850000000000
             536 Q      1.740000000000    9.640000000000   11.090000000000
             537 Q      1.420000000000    8.930000000000   10.660000000000
             538 Q     18.550000000000   11.780000000000   13.420000000000
             539 Q     17.380000000000   11.060000000000   13.830000000000
             540 Q     17.870000000000   11.340000000000   13.260000000000
             541 Q     14.870000000000   16.190000000000    6.470000000000
             542 Q     14.720000000000   14.730000000000    6.010000000000
             543 Q     14.440000000000   15.510000000000    6.240000000000
             544 Q      6.460000000000    3.990000000000   12.990000000000
             545 Q      7.270000000000    3.790000000000   11.700000000000
             546 Q      6.950000000000    3.580000000000   12.450000000000
             547 Q     12.210000000000    6.270000000000    1.630000000000
             548 Q     13.460000000000    5.810000000000    2.560000000000
             549 Q     12.890000000000    5.770000000000    1.910000000000
             550 Q     10.440000000000    1.520000000000    4.880000000000
             551 Q     11.650000000000    0.740000000000    4.380000000000
             552 Q     10.840000000000    0.930000000000    4.430000000000
             553 Q      3.540000000000    3.390000000000    9.810000000000
             554 Q      4.680000000000    4.340000000000   10.300000000000
             555 Q      4.260000000000    3.600000000000   10.200000000000
             556 Q     10.720000000000    5.200000000000   12.970000000000
             557 Q      9.930000000000    5.100000000000   11.650000000000
             558 Q     10.080000000000    5.360000000000   12.430000000000
             559 Q      6.710000000000    8.720000000000    6.170000000000
             560 Q      7.490000000000    9.100000000000    4.760000000000
             561 Q      7.300000000000    8.680000000000    5.520000000000
             562 Q     13.330000000000    7.020000000000   18.130000000000
             563 Q     14.870000000000    6.940000000000   18.280000000000
             564 Q     14.130000000000    7.210000000000   17.930000000000
             565 Q      7.370000000000    9.000000000000    2.590000000000
             566 Q      8.200000000000   10.170000000000    3.020000000000
             567 Q      7.570000000000    9.640000000000    3.070000000000
             568 Q      3.060000000000    7.670000000000    4.710000000000
             569 Q      3.640000000000    6.530000000000    3.850000000000
             570 Q      3.080000000000    6.890000000000    4.350000000000
             571 Q      3.400000000000    6.520000000000   14.240000000000
             572 Q      2.390000000000    7.660000000000   14.770000000000
             573 Q      2.940000000000    7.250000000000   14.240000000000
             574 Q      6.940000000000    6.660000000000   15.940000000000
             575 Q      6.240000000000    7.950000000000   15.210000000000
             576 Q      6.450000000000    7.110000000000   15.380000000000
             577 Q      4.640000000000   19.330000000000    6.620000000000
             578 Q      5.370000000000   18.020000000000    6.590000000000
             579 Q      4.690000000000   18.480000000000    6.580000000000
             580 Q      8.080000000000   12.820000000000   15.310000000000
             581 Q      7.920000000000   13.810000000000   16.380000000000
             582 Q      8.350000000000   13.240000000000   15.990000000000
             583 Q      0.780000000000   11.120000000000    9.440000000000
             584 Q      1.400000000000   11.520000000000    8.110000000000
             585 Q      1.390000000000   11.390000000000    8.920000000000
             586 Q     20.620000000000    6.890000000000    4.470000000000
             587 Q     19.280000000000    7.450000000000    4.860000000000
             588 Q     19.790000000000    6.910000000000    4.420000000000
             589 Q     18.830000000000    6.140000000000   17.220000000000
             590 Q     19.500000000000    7.200000000000   17.980000000000
             591 Q     19.430000000000    6.420000000000   17.720000000000
             592 Q      8.970000000000    5.640000000000   20.550000000000
             593 Q     10.100000000000    5.860000000000   19.490000000000
             594 Q      9.370000000000    6.060000000000   19.910000000000
             595 Q      7.040000000000   15.770000000000   17.860000000000
             596 Q      8.160000000000   15.000000000000   18.560000000000
             597 Q      7.770000000000   15.390000000000   17.900000000000
             598 Q      2.210000000000   11.820000000000   11.140000000000
             599 Q      3.090000000000   11.630000000000   12.330000000000
             600 Q      2.590000000000   11.360000000000   11.690000000000
             601 Q     11.600000000000   13.390000000000   17.370000000000
             602 Q     10.060000000000   13.150000000000   17.240000000000
             603 Q     10.820000000000   13.010000000000   17.570000000000
             604 Q     15.670000000000    3.830000000000    6.320000000000
             605 Q     16.510000000000    3.900000000000    5.030000000000
             606 Q     15.790000000000    3.970000000000    5.510000000000
             607 Q      5.490000000000   17.710000000000   18.780000000000
             608 Q      6.250000000000   18.700000000000   19.790000000000
             609 Q      5.920000000000   18.410000000000   19.030000000000
