-------------------------------------------------------------
----------------------- !PROPERTIES! ------------------------
-------------------------------------------------------------
# -----------------------------------------------------------
$ PAL_Flags
   description: The PAL Flags
   geom. index: 1
   prop. index: 1
        Diskflag:     2
# -----------------------------------------------------------
$ SCF_Energy
   description: The SCF energy
   geom. index: 1
   prop. index: 1
        SCF Energy:    -2462.3103378047
# -----------------------------------------------------------
$ DFT_Energy
   description: The DFT energy
   geom. index: 1
   prop. index: 1
   Number of Alpha Electrons                155.0000765105 
   Number of Beta  Electrons                155.0000765105 
   Total number of  Electrons               310.0001530209 
   Exchange energy                         -217.3239510586 
   Correlation energy                       -12.5444875126 
   Correlation energy NL                      0.0000000000 
   Exchange-Correlation energy             -229.8684385712 
   Embedding correction                       0.0000000000 
   Total DFT Energy (No VdW correction)   -2462.3103378047 
# -----------------------------------------------------------
$ Mayer_Pop
   description: The Mayer population analysis
   geom. index: 1
   prop. index: 1
     Number of atoms                     : 607
     Threshold for printing              : 0.1000000
     Number of bond orders printed       : 67
  NA   - Mulliken gross atomic population
  ZA   - Total nuclear charge
  QA   - Mulliken gross atomic charge
  VA   - Mayer's total valence
  BVA  - Mayer's bonded valence
  FA   - Mayer's free valence
  ATOM       NA         ZA         QA         VA         BVA        FA
  0   0     6.1381     6.0000    -0.1381     3.6291     3.6291    -0.0000
  1   0     0.8251     1.0000     0.1749     0.9720     0.9720    -0.0000
  2   0     0.7600     1.0000     0.2400     0.9173     0.9173    -0.0000
  3   0     6.2608     6.0000    -0.2608     3.5242     3.5242    -0.0000
  4   0     0.8493     1.0000     0.1507     0.9985     0.9985    -0.0000
  5   0     0.8086     1.0000     0.1914     0.9742     0.9742     0.0000
  6   0     6.3496     6.0000    -0.3496     3.8035     3.8035    -0.0000
  7   0     0.8466     1.0000     0.1534     0.9463     0.9463     0.0000
  8   0     0.8538     1.0000     0.1462     0.9507     0.9507    -0.0000
  9   0     6.1062     6.0000    -0.1062     3.5196     3.5196    -0.0000
 10   0     0.8209     1.0000     0.1791     0.9553     0.9553    -0.0000
 11   0     0.7518     1.0000     0.2482     0.9104     0.9104    -0.0000
 12   0     8.4201     8.0000    -0.4201     1.8610     1.8610    -0.0000
 13   0     0.8906     1.0000     0.1094     1.0843     1.0843     0.0000
 14   0     8.5955     8.0000    -0.5955     1.8025     1.8025    -0.0000
 15   0     0.7744     1.0000     0.2256     0.9889     0.9889     0.0000
 16   0     8.6278     8.0000    -0.6278     2.0177     2.0177    -0.0000
 17   0     0.7146     1.0000     0.2854     0.9439     0.9439    -0.0000
 18   0     0.6997     1.0000     0.3003     0.9387     0.9387    -0.0000
 19   0     8.5913     8.0000    -0.5913     2.0021     2.0021     0.0000
 20   0     0.7044     1.0000     0.2956     0.9678     0.9678    -0.0000
 21   0     0.7112     1.0000     0.2888     0.9498     0.9498     0.0000
 22   0     8.4987     8.0000    -0.4987     2.0611     2.0611     0.0000
 23   0     0.7408     1.0000     0.2592     0.9693     0.9693     0.0000
 24   0     0.7121     1.0000     0.2879     0.9524     0.9524    -0.0000
 25   0     8.5805     8.0000    -0.5805     2.0656     2.0656     0.0000
 26   0     0.7455     1.0000     0.2545     0.9637     0.9637    -0.0000
 27   0     0.7074     1.0000     0.2926     0.9567     0.9567     0.0000
 28   0     8.4990     8.0000    -0.4990     2.0117     2.0117     0.0000
 29   0     0.7844     1.0000     0.2156     0.9919     0.9919     0.0000
 30   0     0.7362     1.0000     0.2638     0.9825     0.9825     0.0000
 31   0     8.5586     8.0000    -0.5586     1.8608     1.8608    -0.0000
 32   0     0.6897     1.0000     0.3103     0.9370     0.9370    -0.0000
 33   0     0.7474     1.0000     0.2526     0.9934     0.9934    -0.0000
 34   0     8.6380     8.0000    -0.6380     1.8348     1.8348    -0.0000
 35   0     0.7106     1.0000     0.2894     0.9265     0.9265     0.0000
 36   0     0.6737     1.0000     0.3263     0.9336     0.9336    -0.0000
 37   0     8.5241     8.0000    -0.5241     1.9401     1.9401     0.0000
 38   0     0.6842     1.0000     0.3158     0.9405     0.9405    -0.0000
 39   0     0.7934     1.0000     0.2066     1.0192     1.0192    -0.0000
 40   0     8.5775     8.0000    -0.5775     1.8932     1.8932    -0.0000
 41   0     0.7000     1.0000     0.3000     0.9522     0.9522    -0.0000
 42   0     0.7286     1.0000     0.2714     0.9528     0.9528     0.0000
 43   0     8.5741     8.0000    -0.5741     1.8521     1.8521     0.0000
 44   0     0.6673     1.0000     0.3327     0.9126     0.9126     0.0000
 45   0     0.7781     1.0000     0.2219     0.9768     0.9768    -0.0000
 46   0     8.5656     8.0000    -0.5656     1.8730     1.8730    -0.0000
 47   0     0.7256     1.0000     0.2744     0.9823     0.9823    -0.0000
 48   0     0.6830     1.0000     0.3170     0.9232     0.9232    -0.0000
 49   0     8.5715     8.0000    -0.5715     1.8126     1.8126    -0.0000
 50   0     0.6750     1.0000     0.3250     0.9155     0.9155    -0.0000
 51   0     0.7790     1.0000     0.2210     1.0115     1.0115    -0.0000
 52   0     8.5942     8.0000    -0.5942     1.9180     1.9180    -0.0000
 53   0     0.6846     1.0000     0.3154     0.9338     0.9338     0.0000
 54   0     0.7167     1.0000     0.2833     0.9481     0.9481    -0.0000
 55   0     8.5380     8.0000    -0.5380     1.8634     1.8634    -0.0000
 56   0     0.7648     1.0000     0.2352     1.0123     1.0123    -0.0000
 57   0     0.7046     1.0000     0.2954     0.9322     0.9322    -0.0000
 58   0     8.5602     8.0000    -0.5602     1.9063     1.9063    -0.0000
 59   0     0.7358     1.0000     0.2642     0.9698     0.9698    -0.0000
 60   0     0.7080     1.0000     0.2920     0.9348     0.9348    -0.0000
 61   0     8.5275     8.0000    -0.5275     1.8924     1.8924    -0.0000
 62   0     0.7040     1.0000     0.2960     0.9305     0.9305    -0.0000
 63   0     0.7302     1.0000     0.2698     0.9604     0.9604     0.0000
 64   0     8.6762     8.0000    -0.6762     1.8693     1.8693    -0.0000
 65   0     0.7147     1.0000     0.2853     0.9603     0.9603    -0.0000
 66   0     0.5851     1.0000     0.4149     0.8514     0.8514    -0.0000
 67   0     8.5700     8.0000    -0.5700     1.8930     1.8930     0.0000
 68   0     0.7126     1.0000     0.2874     0.9546     0.9546     0.0000
 69   0     0.7227     1.0000     0.2773     0.9770     0.9770    -0.0000
 70   0     8.5709     8.0000    -0.5709     1.8521     1.8521    -0.0000
 71   0     0.6727     1.0000     0.3273     0.9321     0.9321    -0.0000
 72   0     0.7521     1.0000     0.2479     0.9838     0.9838     0.0000
 73   0     8.6040     8.0000    -0.6040     1.9030     1.9030    -0.0000
 74   0     0.7107     1.0000     0.2893     0.9534     0.9534    -0.0000
 75   0     0.6559     1.0000     0.3441     0.9163     0.9163    -0.0000
 76   0     8.4650     8.0000    -0.4650     1.9109     1.9109    -0.0000
 77   0     0.7420     1.0000     0.2580     0.9778     0.9778    -0.0000
 78   0     0.7739     1.0000     0.2261     0.9850     0.9850    -0.0000
 79   0     8.4728     8.0000    -0.4728     1.9375     1.9375     0.0000
 80   0     0.7348     1.0000     0.2652     0.9571     0.9571    -0.0000
 81   0     0.7583     1.0000     0.2417     0.9740     0.9740     0.0000
 82   0     8.4618     8.0000    -0.4618     1.9407     1.9407     0.0000
 83   0     0.8379     1.0000     0.1621     1.0233     1.0233     0.0000
 84   0     0.6805     1.0000     0.3195     0.9435     0.9435    -0.0000
 85   0     8.5830     8.0000    -0.5830     1.7843     1.7843     0.0000
 86   0     0.7257     1.0000     0.2743     0.9623     0.9623    -0.0000
 87   0     0.6870     1.0000     0.3130     0.8889     0.8889     0.0000
 88   0     8.5861     8.0000    -0.5861     1.9194     1.9194    -0.0000
 89   0     0.6805     1.0000     0.3195     0.9297     0.9297    -0.0000
 90   0     0.6995     1.0000     0.3005     0.9358     0.9358    -0.0000
 91   0     8.6785     8.0000    -0.6785     1.7740     1.7740     0.0000
 92   0     0.6620     1.0000     0.3380     0.9106     0.9106     0.0000
 93   0     0.7044     1.0000     0.2956     1.0004     1.0004     0.0000
 94   0     0.0000     0.6645     0.6645     0.0000     0.0000     0.0000
 95   0     0.0000     0.6645     0.6645     0.0000     0.0000     0.0000
 96   0     0.0000    -1.3290    -1.3290     0.0000     0.0000     0.0000
 97   0     0.0000     0.6645     0.6645     0.0000     0.0000     0.0000
 98   0     0.0000     0.6645     0.6645     0.0000     0.0000     0.0000
 99   0     0.0000    -1.3290    -1.3290     0.0000     0.0000     0.0000
100   0     0.0000     0.6645     0.6645     0.0000     0.0000     0.0000
101   0     0.0000     0.6645     0.6645     0.0000     0.0000     0.0000
102   0     0.0000    -1.3290    -1.3290     0.0000     0.0000     0.0000
103   0     0.0000     0.6645     0.6645     0.0000     0.0000     0.0000
104   0     0.0000     0.6645     0.6645     0.0000     0.0000     0.0000
105   0     0.0000    -1.3290    -1.3290     0.0000     0.0000     0.0000
106   0     0.0000     0.6645     0.6645     0.0000     0.0000     0.0000
107   0     0.0000     0.6645     0.6645     0.0000     0.0000     0.0000
108   0     0.0000    -1.3290    -1.3290     0.0000     0.0000     0.0000
109   0     0.0000     0.6645     0.6645     0.0000     0.0000     0.0000
110   0     0.0000     0.6645     0.6645     0.0000     0.0000     0.0000
111   0     0.0000    -1.3290    -1.3290     0.0000     0.0000     0.0000
112   0     0.0000     0.6645     0.6645     0.0000     0.0000     0.0000
113   0     0.0000     0.6645     0.6645     0.0000     0.0000     0.0000
114   0     0.0000    -1.3290    -1.3290     0.0000     0.0000     0.0000
115   0     0.0000     0.6645     0.6645     0.0000     0.0000     0.0000
116   0     0.0000     0.6645     0.6645     0.0000     0.0000     0.0000
117   0     0.0000    -1.3290    -1.3290     0.0000     0.0000     0.0000
118   0     0.0000     0.6645     0.6645     0.0000     0.0000     0.0000
119   0     0.0000     0.6645     0.6645     0.0000     0.0000     0.0000
120   0     0.0000    -1.3290    -1.3290     0.0000     0.0000     0.0000
121   0     0.0000     0.6645     0.6645     0.0000     0.0000     0.0000
122   0     0.0000     0.6645     0.6645     0.0000     0.0000     0.0000
123   0     0.0000    -1.3290    -1.3290     0.0000     0.0000     0.0000
124   0     0.0000     0.6645     0.6645     0.0000     0.0000     0.0000
125   0     0.0000     0.6645     0.6645     0.0000     0.0000     0.0000
126   0     0.0000    -1.3290    -1.3290     0.0000     0.0000     0.0000
127   0     0.0000     0.6645     0.6645     0.0000     0.0000     0.0000
128   0     0.0000     0.6645     0.6645     0.0000     0.0000     0.0000
129   0     0.0000    -1.3290    -1.3290     0.0000     0.0000     0.0000
130   0     0.0000     0.6645     0.6645     0.0000     0.0000     0.0000
131   0     0.0000     0.6645     0.6645     0.0000     0.0000     0.0000
132   0     0.0000    -1.3290    -1.3290     0.0000     0.0000     0.0000
133   0     0.0000     0.6645     0.6645     0.0000     0.0000     0.0000
134   0     0.0000     0.6645     0.6645     0.0000     0.0000     0.0000
135   0     0.0000    -1.3290    -1.3290     0.0000     0.0000     0.0000
136   0     0.0000     0.6645     0.6645     0.0000     0.0000     0.0000
137   0     0.0000     0.6645     0.6645     0.0000     0.0000     0.0000
138   0     0.0000    -1.3290    -1.3290     0.0000     0.0000     0.0000
139   0     0.0000     0.6645     0.6645     0.0000     0.0000     0.0000
140   0     0.0000     0.6645     0.6645     0.0000     0.0000     0.0000
141   0     0.0000    -1.3290    -1.3290     0.0000     0.0000     0.0000
142   0     0.0000     0.6645     0.6645     0.0000     0.0000     0.0000
143   0     0.0000     0.6645     0.6645     0.0000     0.0000     0.0000
144   0     0.0000    -1.3290    -1.3290     0.0000     0.0000     0.0000
145   0     0.0000     0.6645     0.6645     0.0000     0.0000     0.0000
146   0     0.0000     0.6645     0.6645     0.0000     0.0000     0.0000
147   0     0.0000    -1.3290    -1.3290     0.0000     0.0000     0.0000
148   0     0.0000     0.6645     0.6645     0.0000     0.0000     0.0000
149   0     0.0000     0.6645     0.6645     0.0000     0.0000     0.0000
150   0     0.0000    -1.3290    -1.3290     0.0000     0.0000     0.0000
151   0     0.0000     0.6645     0.6645     0.0000     0.0000     0.0000
152   0     0.0000     0.6645     0.6645     0.0000     0.0000     0.0000
153   0     0.0000    -1.3290    -1.3290     0.0000     0.0000     0.0000
154   0     0.0000     0.6645     0.6645     0.0000     0.0000     0.0000
155   0     0.0000     0.6645     0.6645     0.0000     0.0000     0.0000
156   0     0.0000    -1.3290    -1.3290     0.0000     0.0000     0.0000
157   0     0.0000     0.6645     0.6645     0.0000     0.0000     0.0000
158   0     0.0000     0.6645     0.6645     0.0000     0.0000     0.0000
159   0     0.0000    -1.3290    -1.3290     0.0000     0.0000     0.0000
160   0     0.0000     0.6645     0.6645     0.0000     0.0000     0.0000
161   0     0.0000     0.6645     0.6645     0.0000     0.0000     0.0000
162   0     0.0000    -1.3290    -1.3290     0.0000     0.0000     0.0000
163   0     0.0000     0.6645     0.6645     0.0000     0.0000     0.0000
164   0     0.0000     0.6645     0.6645     0.0000     0.0000     0.0000
165   0     0.0000    -1.3290    -1.3290     0.0000     0.0000     0.0000
166   0     0.0000     0.6645     0.6645     0.0000     0.0000     0.0000
167   0     0.0000     0.6645     0.6645     0.0000     0.0000     0.0000
168   0     0.0000    -1.3290    -1.3290     0.0000     0.0000     0.0000
169   0     0.0000     0.6645     0.6645     0.0000     0.0000     0.0000
170   0     0.0000     0.6645     0.6645     0.0000     0.0000     0.0000
171   0     0.0000    -1.3290    -1.3290     0.0000     0.0000     0.0000
172   0     0.0000     0.6645     0.6645     0.0000     0.0000     0.0000
173   0     0.0000     0.6645     0.6645     0.0000     0.0000     0.0000
174   0     0.0000    -1.3290    -1.3290     0.0000     0.0000     0.0000
175   0     0.0000     0.6645     0.6645     0.0000     0.0000     0.0000
176   0     0.0000     0.6645     0.6645     0.0000     0.0000     0.0000
177   0     0.0000    -1.3290    -1.3290     0.0000     0.0000     0.0000
178   0     0.0000     0.6645     0.6645     0.0000     0.0000     0.0000
179   0     0.0000     0.6645     0.6645     0.0000     0.0000     0.0000
180   0     0.0000    -1.3290    -1.3290     0.0000     0.0000     0.0000
181   0     0.0000     0.6645     0.6645     0.0000     0.0000     0.0000
182   0     0.0000     0.6645     0.6645     0.0000     0.0000     0.0000
183   0     0.0000    -1.3290    -1.3290     0.0000     0.0000     0.0000
184   0     0.0000     0.6645     0.6645     0.0000     0.0000     0.0000
185   0     0.0000     0.6645     0.6645     0.0000     0.0000     0.0000
186   0     0.0000    -1.3290    -1.3290     0.0000     0.0000     0.0000
187   0     0.0000     0.6645     0.6645     0.0000     0.0000     0.0000
188   0     0.0000     0.6645     0.6645     0.0000     0.0000     0.0000
189   0     0.0000    -1.3290    -1.3290     0.0000     0.0000     0.0000
190   0     0.0000     0.6645     0.6645     0.0000     0.0000     0.0000
191   0     0.0000     0.6645     0.6645     0.0000     0.0000     0.0000
192   0     0.0000    -1.3290    -1.3290     0.0000     0.0000     0.0000
193   0     0.0000     0.6645     0.6645     0.0000     0.0000     0.0000
194   0     0.0000     0.6645     0.6645     0.0000     0.0000     0.0000
195   0     0.0000    -1.3290    -1.3290     0.0000     0.0000     0.0000
196   0     0.0000     0.6645     0.6645     0.0000     0.0000     0.0000
197   0     0.0000     0.6645     0.6645     0.0000     0.0000     0.0000
198   0     0.0000    -1.3290    -1.3290     0.0000     0.0000     0.0000
199   0     0.0000     0.6645     0.6645     0.0000     0.0000     0.0000
200   0     0.0000     0.6645     0.6645     0.0000     0.0000     0.0000
201   0     0.0000    -1.3290    -1.3290     0.0000     0.0000     0.0000
202   0     0.0000     0.6645     0.6645     0.0000     0.0000     0.0000
203   0     0.0000     0.6645     0.6645     0.0000     0.0000     0.0000
204   0     0.0000    -1.3290    -1.3290     0.0000     0.0000     0.0000
205   0     0.0000     0.6645     0.6645     0.0000     0.0000     0.0000
206   0     0.0000     0.6645     0.6645     0.0000     0.0000     0.0000
207   0     0.0000    -1.3290    -1.3290     0.0000     0.0000     0.0000
208   0     0.0000     0.6645     0.6645     0.0000     0.0000     0.0000
209   0     0.0000     0.6645     0.6645     0.0000     0.0000     0.0000
210   0     0.0000    -1.3290    -1.3290     0.0000     0.0000     0.0000
211   0     0.0000     0.6645     0.6645     0.0000     0.0000     0.0000
212   0     0.0000     0.6645     0.6645     0.0000     0.0000     0.0000
213   0     0.0000    -1.3290    -1.3290     0.0000     0.0000     0.0000
214   0     0.0000     0.6645     0.6645     0.0000     0.0000     0.0000
215   0     0.0000     0.6645     0.6645     0.0000     0.0000     0.0000
216   0     0.0000    -1.3290    -1.3290     0.0000     0.0000     0.0000
217   0     0.0000     0.6645     0.6645     0.0000     0.0000     0.0000
218   0     0.0000     0.6645     0.6645     0.0000     0.0000     0.0000
219   0     0.0000    -1.3290    -1.3290     0.0000     0.0000     0.0000
220   0     0.0000     0.6645     0.6645     0.0000     0.0000     0.0000
221   0     0.0000     0.6645     0.6645     0.0000     0.0000     0.0000
222   0     0.0000    -1.3290    -1.3290     0.0000     0.0000     0.0000
223   0     0.0000     0.6645     0.6645     0.0000     0.0000     0.0000
224   0     0.0000     0.6645     0.6645     0.0000     0.0000     0.0000
225   0     0.0000    -1.3290    -1.3290     0.0000     0.0000     0.0000
226   0     0.0000     0.6645     0.6645     0.0000     0.0000     0.0000
227   0     0.0000     0.6645     0.6645     0.0000     0.0000     0.0000
228   0     0.0000    -1.3290    -1.3290     0.0000     0.0000     0.0000
229   0     0.0000     0.6645     0.6645     0.0000     0.0000     0.0000
230   0     0.0000     0.6645     0.6645     0.0000     0.0000     0.0000
231   0     0.0000    -1.3290    -1.3290     0.0000     0.0000     0.0000
232   0     0.0000     0.6645     0.6645     0.0000     0.0000     0.0000
233   0     0.0000     0.6645     0.6645     0.0000     0.0000     0.0000
234   0     0.0000    -1.3290    -1.3290     0.0000     0.0000     0.0000
235   0     0.0000     0.6645     0.6645     0.0000     0.0000     0.0000
236   0     0.0000     0.6645     0.6645     0.0000     0.0000     0.0000
237   0     0.0000    -1.3290    -1.3290     0.0000     0.0000     0.0000
238   0     0.0000     0.6645     0.6645     0.0000     0.0000     0.0000
239   0     0.0000     0.6645     0.6645     0.0000     0.0000     0.0000
240   0     0.0000    -1.3290    -1.3290     0.0000     0.0000     0.0000
241   0     0.0000     0.6645     0.6645     0.0000     0.0000     0.0000
242   0     0.0000     0.6645     0.6645     0.0000     0.0000     0.0000
243   0     0.0000    -1.3290    -1.3290     0.0000     0.0000     0.0000
244   0     0.0000     0.6645     0.6645     0.0000     0.0000     0.0000
245   0     0.0000     0.6645     0.6645     0.0000     0.0000     0.0000
246   0     0.0000    -1.3290    -1.3290     0.0000     0.0000     0.0000
247   0     0.0000     0.6645     0.6645     0.0000     0.0000     0.0000
248   0     0.0000     0.6645     0.6645     0.0000     0.0000     0.0000
249   0     0.0000    -1.3290    -1.3290     0.0000     0.0000     0.0000
250   0     0.0000     0.6645     0.6645     0.0000     0.0000     0.0000
251   0     0.0000     0.6645     0.6645     0.0000     0.0000     0.0000
252   0     0.0000    -1.3290    -1.3290     0.0000     0.0000     0.0000
253   0     0.0000     0.6645     0.6645     0.0000     0.0000     0.0000
254   0     0.0000     0.6645     0.6645     0.0000     0.0000     0.0000
255   0     0.0000    -1.3290    -1.3290     0.0000     0.0000     0.0000
256   0     0.0000     0.6645     0.6645     0.0000     0.0000     0.0000
257   0     0.0000     0.6645     0.6645     0.0000     0.0000     0.0000
258   0     0.0000    -1.3290    -1.3290     0.0000     0.0000     0.0000
259   0     0.0000     0.6645     0.6645     0.0000     0.0000     0.0000
260   0     0.0000     0.6645     0.6645     0.0000     0.0000     0.0000
261   0     0.0000    -1.3290    -1.3290     0.0000     0.0000     0.0000
262   0     0.0000     0.6645     0.6645     0.0000     0.0000     0.0000
263   0     0.0000     0.6645     0.6645     0.0000     0.0000     0.0000
264   0     0.0000    -1.3290    -1.3290     0.0000     0.0000     0.0000
265   0     0.0000     0.6645     0.6645     0.0000     0.0000     0.0000
266   0     0.0000     0.6645     0.6645     0.0000     0.0000     0.0000
267   0     0.0000    -1.3290    -1.3290     0.0000     0.0000     0.0000
268   0     0.0000     0.6645     0.6645     0.0000     0.0000     0.0000
269   0     0.0000     0.6645     0.6645     0.0000     0.0000     0.0000
270   0     0.0000    -1.3290    -1.3290     0.0000     0.0000     0.0000
271   0     0.0000     0.6645     0.6645     0.0000     0.0000     0.0000
272   0     0.0000     0.6645     0.6645     0.0000     0.0000     0.0000
273   0     0.0000    -1.3290    -1.3290     0.0000     0.0000     0.0000
274   0     0.0000     0.6645     0.6645     0.0000     0.0000     0.0000
275   0     0.0000     0.6645     0.6645     0.0000     0.0000     0.0000
276   0     0.0000    -1.3290    -1.3290     0.0000     0.0000     0.0000
277   0     0.0000     0.6645     0.6645     0.0000     0.0000     0.0000
278   0     0.0000     0.6645     0.6645     0.0000     0.0000     0.0000
279   0     0.0000    -1.3290    -1.3290     0.0000     0.0000     0.0000
280   0     0.0000     0.6645     0.6645     0.0000     0.0000     0.0000
281   0     0.0000     0.6645     0.6645     0.0000     0.0000     0.0000
282   0     0.0000    -1.3290    -1.3290     0.0000     0.0000     0.0000
283   0     0.0000     0.6645     0.6645     0.0000     0.0000     0.0000
284   0     0.0000     0.6645     0.6645     0.0000     0.0000     0.0000
285   0     0.0000    -1.3290    -1.3290     0.0000     0.0000     0.0000
286   0     0.0000     0.6645     0.6645     0.0000     0.0000     0.0000
287   0     0.0000     0.6645     0.6645     0.0000     0.0000     0.0000
288   0     0.0000    -1.3290    -1.3290     0.0000     0.0000     0.0000
289   0     0.0000     0.6645     0.6645     0.0000     0.0000     0.0000
290   0     0.0000     0.6645     0.6645     0.0000     0.0000     0.0000
291   0     0.0000    -1.3290    -1.3290     0.0000     0.0000     0.0000
292   0     0.0000     0.6645     0.6645     0.0000     0.0000     0.0000
293   0     0.0000     0.6645     0.6645     0.0000     0.0000     0.0000
294   0     0.0000    -1.3290    -1.3290     0.0000     0.0000     0.0000
295   0     0.0000     0.6645     0.6645     0.0000     0.0000     0.0000
296   0     0.0000     0.6645     0.6645     0.0000     0.0000     0.0000
297   0     0.0000    -1.3290    -1.3290     0.0000     0.0000     0.0000
298   0     0.0000     0.6645     0.6645     0.0000     0.0000     0.0000
299   0     0.0000     0.6645     0.6645     0.0000     0.0000     0.0000
300   0     0.0000    -1.3290    -1.3290     0.0000     0.0000     0.0000
301   0     0.0000     0.6645     0.6645     0.0000     0.0000     0.0000
302   0     0.0000     0.6645     0.6645     0.0000     0.0000     0.0000
303   0     0.0000    -1.3290    -1.3290     0.0000     0.0000     0.0000
304   0     0.0000     0.6645     0.6645     0.0000     0.0000     0.0000
305   0     0.0000     0.6645     0.6645     0.0000     0.0000     0.0000
306   0     0.0000    -1.3290    -1.3290     0.0000     0.0000     0.0000
307   0     0.0000     0.6645     0.6645     0.0000     0.0000     0.0000
308   0     0.0000     0.6645     0.6645     0.0000     0.0000     0.0000
309   0     0.0000    -1.3290    -1.3290     0.0000     0.0000     0.0000
310   0     0.0000     0.6645     0.6645     0.0000     0.0000     0.0000
311   0     0.0000     0.6645     0.6645     0.0000     0.0000     0.0000
312   0     0.0000    -1.3290    -1.3290     0.0000     0.0000     0.0000
313   0     0.0000     0.6645     0.6645     0.0000     0.0000     0.0000
314   0     0.0000     0.6645     0.6645     0.0000     0.0000     0.0000
315   0     0.0000    -1.3290    -1.3290     0.0000     0.0000     0.0000
316   0     0.0000     0.6645     0.6645     0.0000     0.0000     0.0000
317   0     0.0000     0.6645     0.6645     0.0000     0.0000     0.0000
318   0     0.0000    -1.3290    -1.3290     0.0000     0.0000     0.0000
319   0     0.0000     0.6645     0.6645     0.0000     0.0000     0.0000
320   0     0.0000     0.6645     0.6645     0.0000     0.0000     0.0000
321   0     0.0000    -1.3290    -1.3290     0.0000     0.0000     0.0000
322   0     0.0000     0.6645     0.6645     0.0000     0.0000     0.0000
323   0     0.0000     0.6645     0.6645     0.0000     0.0000     0.0000
324   0     0.0000    -1.3290    -1.3290     0.0000     0.0000     0.0000
325   0     0.0000     0.6645     0.6645     0.0000     0.0000     0.0000
326   0     0.0000     0.6645     0.6645     0.0000     0.0000     0.0000
327   0     0.0000    -1.3290    -1.3290     0.0000     0.0000     0.0000
328   0     0.0000     0.6645     0.6645     0.0000     0.0000     0.0000
329   0     0.0000     0.6645     0.6645     0.0000     0.0000     0.0000
330   0     0.0000    -1.3290    -1.3290     0.0000     0.0000     0.0000
331   0     0.0000     0.6645     0.6645     0.0000     0.0000     0.0000
332   0     0.0000     0.6645     0.6645     0.0000     0.0000     0.0000
333   0     0.0000    -1.3290    -1.3290     0.0000     0.0000     0.0000
334   0     0.0000     0.6645     0.6645     0.0000     0.0000     0.0000
335   0     0.0000     0.6645     0.6645     0.0000     0.0000     0.0000
336   0     0.0000    -1.3290    -1.3290     0.0000     0.0000     0.0000
337   0     0.0000     0.6645     0.6645     0.0000     0.0000     0.0000
338   0     0.0000     0.6645     0.6645     0.0000     0.0000     0.0000
339   0     0.0000    -1.3290    -1.3290     0.0000     0.0000     0.0000
340   0     0.0000     0.6645     0.6645     0.0000     0.0000     0.0000
341   0     0.0000     0.6645     0.6645     0.0000     0.0000     0.0000
342   0     0.0000    -1.3290    -1.3290     0.0000     0.0000     0.0000
343   0     0.0000     0.6645     0.6645     0.0000     0.0000     0.0000
344   0     0.0000     0.6645     0.6645     0.0000     0.0000     0.0000
345   0     0.0000    -1.3290    -1.3290     0.0000     0.0000     0.0000
346   0     0.0000     0.6645     0.6645     0.0000     0.0000     0.0000
347   0     0.0000     0.6645     0.6645     0.0000     0.0000     0.0000
348   0     0.0000    -1.3290    -1.3290     0.0000     0.0000     0.0000
349   0     0.0000     0.6645     0.6645     0.0000     0.0000     0.0000
350   0     0.0000     0.6645     0.6645     0.0000     0.0000     0.0000
351   0     0.0000    -1.3290    -1.3290     0.0000     0.0000     0.0000
352   0     0.0000     0.6645     0.6645     0.0000     0.0000     0.0000
353   0     0.0000     0.6645     0.6645     0.0000     0.0000     0.0000
354   0     0.0000    -1.3290    -1.3290     0.0000     0.0000     0.0000
355   0     0.0000     0.6645     0.6645     0.0000     0.0000     0.0000
356   0     0.0000     0.6645     0.6645     0.0000     0.0000     0.0000
357   0     0.0000    -1.3290    -1.3290     0.0000     0.0000     0.0000
358   0     0.0000     0.6645     0.6645     0.0000     0.0000     0.0000
359   0     0.0000     0.6645     0.6645     0.0000     0.0000     0.0000
360   0     0.0000    -1.3290    -1.3290     0.0000     0.0000     0.0000
361   0     0.0000     0.6645     0.6645     0.0000     0.0000     0.0000
362   0     0.0000     0.6645     0.6645     0.0000     0.0000     0.0000
363   0     0.0000    -1.3290    -1.3290     0.0000     0.0000     0.0000
364   0     0.0000     0.6645     0.6645     0.0000     0.0000     0.0000
365   0     0.0000     0.6645     0.6645     0.0000     0.0000     0.0000
366   0     0.0000    -1.3290    -1.3290     0.0000     0.0000     0.0000
367   0     0.0000     0.6645     0.6645     0.0000     0.0000     0.0000
368   0     0.0000     0.6645     0.6645     0.0000     0.0000     0.0000
369   0     0.0000    -1.3290    -1.3290     0.0000     0.0000     0.0000
370   0     0.0000     0.6645     0.6645     0.0000     0.0000     0.0000
371   0     0.0000     0.6645     0.6645     0.0000     0.0000     0.0000
372   0     0.0000    -1.3290    -1.3290     0.0000     0.0000     0.0000
373   0     0.0000     0.6645     0.6645     0.0000     0.0000     0.0000
374   0     0.0000     0.6645     0.6645     0.0000     0.0000     0.0000
375   0     0.0000    -1.3290    -1.3290     0.0000     0.0000     0.0000
376   0     0.0000     0.6645     0.6645     0.0000     0.0000     0.0000
377   0     0.0000     0.6645     0.6645     0.0000     0.0000     0.0000
378   0     0.0000    -1.3290    -1.3290     0.0000     0.0000     0.0000
379   0     0.0000     0.6645     0.6645     0.0000     0.0000     0.0000
380   0     0.0000     0.6645     0.6645     0.0000     0.0000     0.0000
381   0     0.0000    -1.3290    -1.3290     0.0000     0.0000     0.0000
382   0     0.0000     0.6645     0.6645     0.0000     0.0000     0.0000
383   0     0.0000     0.6645     0.6645     0.0000     0.0000     0.0000
384   0     0.0000    -1.3290    -1.3290     0.0000     0.0000     0.0000
385   0     0.0000     0.6645     0.6645     0.0000     0.0000     0.0000
386   0     0.0000     0.6645     0.6645     0.0000     0.0000     0.0000
387   0     0.0000    -1.3290    -1.3290     0.0000     0.0000     0.0000
388   0     0.0000     0.6645     0.6645     0.0000     0.0000     0.0000
389   0     0.0000     0.6645     0.6645     0.0000     0.0000     0.0000
390   0     0.0000    -1.3290    -1.3290     0.0000     0.0000     0.0000
391   0     0.0000     0.6645     0.6645     0.0000     0.0000     0.0000
392   0     0.0000     0.6645     0.6645     0.0000     0.0000     0.0000
393   0     0.0000    -1.3290    -1.3290     0.0000     0.0000     0.0000
394   0     0.0000     0.6645     0.6645     0.0000     0.0000     0.0000
395   0     0.0000     0.6645     0.6645     0.0000     0.0000     0.0000
396   0     0.0000    -1.3290    -1.3290     0.0000     0.0000     0.0000
397   0     0.0000     0.6645     0.6645     0.0000     0.0000     0.0000
398   0     0.0000     0.6645     0.6645     0.0000     0.0000     0.0000
399   0     0.0000    -1.3290    -1.3290     0.0000     0.0000     0.0000
400   0     0.0000     0.6645     0.6645     0.0000     0.0000     0.0000
401   0     0.0000     0.6645     0.6645     0.0000     0.0000     0.0000
402   0     0.0000    -1.3290    -1.3290     0.0000     0.0000     0.0000
403   0     0.0000     0.6645     0.6645     0.0000     0.0000     0.0000
404   0     0.0000     0.6645     0.6645     0.0000     0.0000     0.0000
405   0     0.0000    -1.3290    -1.3290     0.0000     0.0000     0.0000
406   0     0.0000     0.6645     0.6645     0.0000     0.0000     0.0000
407   0     0.0000     0.6645     0.6645     0.0000     0.0000     0.0000
408   0     0.0000    -1.3290    -1.3290     0.0000     0.0000     0.0000
409   0     0.0000     0.6645     0.6645     0.0000     0.0000     0.0000
410   0     0.0000     0.6645     0.6645     0.0000     0.0000     0.0000
411   0     0.0000    -1.3290    -1.3290     0.0000     0.0000     0.0000
412   0     0.0000     0.6645     0.6645     0.0000     0.0000     0.0000
413   0     0.0000     0.6645     0.6645     0.0000     0.0000     0.0000
414   0     0.0000    -1.3290    -1.3290     0.0000     0.0000     0.0000
415   0     0.0000     0.6645     0.6645     0.0000     0.0000     0.0000
416   0     0.0000     0.6645     0.6645     0.0000     0.0000     0.0000
417   0     0.0000    -1.3290    -1.3290     0.0000     0.0000     0.0000
418   0     0.0000     0.6645     0.6645     0.0000     0.0000     0.0000
419   0     0.0000     0.6645     0.6645     0.0000     0.0000     0.0000
420   0     0.0000    -1.3290    -1.3290     0.0000     0.0000     0.0000
421   0     0.0000     0.6645     0.6645     0.0000     0.0000     0.0000
422   0     0.0000     0.6645     0.6645     0.0000     0.0000     0.0000
423   0     0.0000    -1.3290    -1.3290     0.0000     0.0000     0.0000
424   0     0.0000     0.6645     0.6645     0.0000     0.0000     0.0000
425   0     0.0000     0.6645     0.6645     0.0000     0.0000     0.0000
426   0     0.0000    -1.3290    -1.3290     0.0000     0.0000     0.0000
427   0     0.0000     0.6645     0.6645     0.0000     0.0000     0.0000
428   0     0.0000     0.6645     0.6645     0.0000     0.0000     0.0000
429   0     0.0000    -1.3290    -1.3290     0.0000     0.0000     0.0000
430   0     0.0000     0.6645     0.6645     0.0000     0.0000     0.0000
431   0     0.0000     0.6645     0.6645     0.0000     0.0000     0.0000
432   0     0.0000    -1.3290    -1.3290     0.0000     0.0000     0.0000
433   0     0.0000     0.6645     0.6645     0.0000     0.0000     0.0000
434   0     0.0000     0.6645     0.6645     0.0000     0.0000     0.0000
435   0     0.0000    -1.3290    -1.3290     0.0000     0.0000     0.0000
436   0     0.0000     0.6645     0.6645     0.0000     0.0000     0.0000
437   0     0.0000     0.6645     0.6645     0.0000     0.0000     0.0000
438   0     0.0000    -1.3290    -1.3290     0.0000     0.0000     0.0000
439   0     0.0000     0.6645     0.6645     0.0000     0.0000     0.0000
440   0     0.0000     0.6645     0.6645     0.0000     0.0000     0.0000
441   0     0.0000    -1.3290    -1.3290     0.0000     0.0000     0.0000
442   0     0.0000     0.6645     0.6645     0.0000     0.0000     0.0000
443   0     0.0000     0.6645     0.6645     0.0000     0.0000     0.0000
444   0     0.0000    -1.3290    -1.3290     0.0000     0.0000     0.0000
445   0     0.0000     0.6645     0.6645     0.0000     0.0000     0.0000
446   0     0.0000     0.6645     0.6645     0.0000     0.0000     0.0000
447   0     0.0000    -1.3290    -1.3290     0.0000     0.0000     0.0000
448   0     0.0000     0.6645     0.6645     0.0000     0.0000     0.0000
449   0     0.0000     0.6645     0.6645     0.0000     0.0000     0.0000
450   0     0.0000    -1.3290    -1.3290     0.0000     0.0000     0.0000
451   0     0.0000     0.6645     0.6645     0.0000     0.0000     0.0000
452   0     0.0000     0.6645     0.6645     0.0000     0.0000     0.0000
453   0     0.0000    -1.3290    -1.3290     0.0000     0.0000     0.0000
454   0     0.0000     0.6645     0.6645     0.0000     0.0000     0.0000
455   0     0.0000     0.6645     0.6645     0.0000     0.0000     0.0000
456   0     0.0000    -1.3290    -1.3290     0.0000     0.0000     0.0000
457   0     0.0000     0.6645     0.6645     0.0000     0.0000     0.0000
458   0     0.0000     0.6645     0.6645     0.0000     0.0000     0.0000
459   0     0.0000    -1.3290    -1.3290     0.0000     0.0000     0.0000
460   0     0.0000     0.6645     0.6645     0.0000     0.0000     0.0000
461   0     0.0000     0.6645     0.6645     0.0000     0.0000     0.0000
462   0     0.0000    -1.3290    -1.3290     0.0000     0.0000     0.0000
463   0     0.0000     0.6645     0.6645     0.0000     0.0000     0.0000
464   0     0.0000     0.6645     0.6645     0.0000     0.0000     0.0000
465   0     0.0000    -1.3290    -1.3290     0.0000     0.0000     0.0000
466   0     0.0000     0.6645     0.6645     0.0000     0.0000     0.0000
467   0     0.0000     0.6645     0.6645     0.0000     0.0000     0.0000
468   0     0.0000    -1.3290    -1.3290     0.0000     0.0000     0.0000
469   0     0.0000     0.6645     0.6645     0.0000     0.0000     0.0000
470   0     0.0000     0.6645     0.6645     0.0000     0.0000     0.0000
471   0     0.0000    -1.3290    -1.3290     0.0000     0.0000     0.0000
472   0     0.0000     0.6645     0.6645     0.0000     0.0000     0.0000
473   0     0.0000     0.6645     0.6645     0.0000     0.0000     0.0000
474   0     0.0000    -1.3290    -1.3290     0.0000     0.0000     0.0000
475   0     0.0000     0.6645     0.6645     0.0000     0.0000     0.0000
476   0     0.0000     0.6645     0.6645     0.0000     0.0000     0.0000
477   0     0.0000    -1.3290    -1.3290     0.0000     0.0000     0.0000
478   0     0.0000     0.6645     0.6645     0.0000     0.0000     0.0000
479   0     0.0000     0.6645     0.6645     0.0000     0.0000     0.0000
480   0     0.0000    -1.3290    -1.3290     0.0000     0.0000     0.0000
481   0     0.0000     0.6645     0.6645     0.0000     0.0000     0.0000
482   0     0.0000     0.6645     0.6645     0.0000     0.0000     0.0000
483   0     0.0000    -1.3290    -1.3290     0.0000     0.0000     0.0000
484   0     0.0000     0.6645     0.6645     0.0000     0.0000     0.0000
485   0     0.0000     0.6645     0.6645     0.0000     0.0000     0.0000
486   0     0.0000    -1.3290    -1.3290     0.0000     0.0000     0.0000
487   0     0.0000     0.6645     0.6645     0.0000     0.0000     0.0000
488   0     0.0000     0.6645     0.6645     0.0000     0.0000     0.0000
489   0     0.0000    -1.3290    -1.3290     0.0000     0.0000     0.0000
490   0     0.0000     0.6645     0.6645     0.0000     0.0000     0.0000
491   0     0.0000     0.6645     0.6645     0.0000     0.0000     0.0000
492   0     0.0000    -1.3290    -1.3290     0.0000     0.0000     0.0000
493   0     0.0000     0.6645     0.6645     0.0000     0.0000     0.0000
494   0     0.0000     0.6645     0.6645     0.0000     0.0000     0.0000
495   0     0.0000    -1.3290    -1.3290     0.0000     0.0000     0.0000
496   0     0.0000     0.6645     0.6645     0.0000     0.0000     0.0000
497   0     0.0000     0.6645     0.6645     0.0000     0.0000     0.0000
498   0     0.0000    -1.3290    -1.3290     0.0000     0.0000     0.0000
499   0     0.0000     0.6645     0.6645     0.0000     0.0000     0.0000
500   0     0.0000     0.6645     0.6645     0.0000     0.0000     0.0000
501   0     0.0000    -1.3290    -1.3290     0.0000     0.0000     0.0000
502   0     0.0000     0.6645     0.6645     0.0000     0.0000     0.0000
503   0     0.0000     0.6645     0.6645     0.0000     0.0000     0.0000
504   0     0.0000    -1.3290    -1.3290     0.0000     0.0000     0.0000
505   0     0.0000     0.6645     0.6645     0.0000     0.0000     0.0000
506   0     0.0000     0.6645     0.6645     0.0000     0.0000     0.0000
507   0     0.0000    -1.3290    -1.3290     0.0000     0.0000     0.0000
508   0     0.0000     0.6645     0.6645     0.0000     0.0000     0.0000
509   0     0.0000     0.6645     0.6645     0.0000     0.0000     0.0000
510   0     0.0000    -1.3290    -1.3290     0.0000     0.0000     0.0000
511   0     0.0000     0.6645     0.6645     0.0000     0.0000     0.0000
512   0     0.0000     0.6645     0.6645     0.0000     0.0000     0.0000
513   0     0.0000    -1.3290    -1.3290     0.0000     0.0000     0.0000
514   0     0.0000     0.6645     0.6645     0.0000     0.0000     0.0000
515   0     0.0000     0.6645     0.6645     0.0000     0.0000     0.0000
516   0     0.0000    -1.3290    -1.3290     0.0000     0.0000     0.0000
517   0     0.0000     0.6645     0.6645     0.0000     0.0000     0.0000
518   0     0.0000     0.6645     0.6645     0.0000     0.0000     0.0000
519   0     0.0000    -1.3290    -1.3290     0.0000     0.0000     0.0000
520   0     0.0000     0.6645     0.6645     0.0000     0.0000     0.0000
521   0     0.0000     0.6645     0.6645     0.0000     0.0000     0.0000
522   0     0.0000    -1.3290    -1.3290     0.0000     0.0000     0.0000
523   0     0.0000     0.6645     0.6645     0.0000     0.0000     0.0000
524   0     0.0000     0.6645     0.6645     0.0000     0.0000     0.0000
525   0     0.0000    -1.3290    -1.3290     0.0000     0.0000     0.0000
526   0     0.0000     0.6645     0.6645     0.0000     0.0000     0.0000
527   0     0.0000     0.6645     0.6645     0.0000     0.0000     0.0000
528   0     0.0000    -1.3290    -1.3290     0.0000     0.0000     0.0000
529   0     0.0000     0.6645     0.6645     0.0000     0.0000     0.0000
530   0     0.0000     0.6645     0.6645     0.0000     0.0000     0.0000
531   0     0.0000    -1.3290    -1.3290     0.0000     0.0000     0.0000
532   0     0.0000     0.6645     0.6645     0.0000     0.0000     0.0000
533   0     0.0000     0.6645     0.6645     0.0000     0.0000     0.0000
534   0     0.0000    -1.3290    -1.3290     0.0000     0.0000     0.0000
535   0     0.0000     0.6645     0.6645     0.0000     0.0000     0.0000
536   0     0.0000     0.6645     0.6645     0.0000     0.0000     0.0000
537   0     0.0000    -1.3290    -1.3290     0.0000     0.0000     0.0000
538   0     0.0000     0.6645     0.6645     0.0000     0.0000     0.0000
539   0     0.0000     0.6645     0.6645     0.0000     0.0000     0.0000
540   0     0.0000    -1.3290    -1.3290     0.0000     0.0000     0.0000
541   0     0.0000     0.6645     0.6645     0.0000     0.0000     0.0000
542   0     0.0000     0.6645     0.6645     0.0000     0.0000     0.0000
543   0     0.0000    -1.3290    -1.3290     0.0000     0.0000     0.0000
544   0     0.0000     0.6645     0.6645     0.0000     0.0000     0.0000
545   0     0.0000     0.6645     0.6645     0.0000     0.0000     0.0000
546   0     0.0000    -1.3290    -1.3290     0.0000     0.0000     0.0000
547   0     0.0000     0.6645     0.6645     0.0000     0.0000     0.0000
548   0     0.0000     0.6645     0.6645     0.0000     0.0000     0.0000
549   0     0.0000    -1.3290    -1.3290     0.0000     0.0000     0.0000
550   0     0.0000     0.6645     0.6645     0.0000     0.0000     0.0000
551   0     0.0000     0.6645     0.6645     0.0000     0.0000     0.0000
552   0     0.0000    -1.3290    -1.3290     0.0000     0.0000     0.0000
553   0     0.0000     0.6645     0.6645     0.0000     0.0000     0.0000
554   0     0.0000     0.6645     0.6645     0.0000     0.0000     0.0000
555   0     0.0000    -1.3290    -1.3290     0.0000     0.0000     0.0000
556   0     0.0000     0.6645     0.6645     0.0000     0.0000     0.0000
557   0     0.0000     0.6645     0.6645     0.0000     0.0000     0.0000
558   0     0.0000    -1.3290    -1.3290     0.0000     0.0000     0.0000
559   0     0.0000     0.6645     0.6645     0.0000     0.0000     0.0000
560   0     0.0000     0.6645     0.6645     0.0000     0.0000     0.0000
561   0     0.0000    -1.3290    -1.3290     0.0000     0.0000     0.0000
562   0     0.0000     0.6645     0.6645     0.0000     0.0000     0.0000
563   0     0.0000     0.6645     0.6645     0.0000     0.0000     0.0000
564   0     0.0000    -1.3290    -1.3290     0.0000     0.0000     0.0000
565   0     0.0000     0.6645     0.6645     0.0000     0.0000     0.0000
566   0     0.0000     0.6645     0.6645     0.0000     0.0000     0.0000
567   0     0.0000    -1.3290    -1.3290     0.0000     0.0000     0.0000
568   0     0.0000     0.6645     0.6645     0.0000     0.0000     0.0000
569   0     0.0000     0.6645     0.6645     0.0000     0.0000     0.0000
570   0     0.0000    -1.3290    -1.3290     0.0000     0.0000     0.0000
571   0     0.0000     0.6645     0.6645     0.0000     0.0000     0.0000
572   0     0.0000     0.6645     0.6645     0.0000     0.0000     0.0000
573   0     0.0000    -1.3290    -1.3290     0.0000     0.0000     0.0000
574   0     0.0000     0.6645     0.6645     0.0000     0.0000     0.0000
575   0     0.0000     0.6645     0.6645     0.0000     0.0000     0.0000
576   0     0.0000    -1.3290    -1.3290     0.0000     0.0000     0.0000
577   0     0.0000     0.6645     0.6645     0.0000     0.0000     0.0000
578   0     0.0000     0.6645     0.6645     0.0000     0.0000     0.0000
579   0     0.0000    -1.3290    -1.3290     0.0000     0.0000     0.0000
580   0     0.0000     0.6645     0.6645     0.0000     0.0000     0.0000
581   0     0.0000     0.6645     0.6645     0.0000     0.0000     0.0000
582   0     0.0000    -1.3290    -1.3290     0.0000     0.0000     0.0000
583   0     0.0000     0.6645     0.6645     0.0000     0.0000     0.0000
584   0     0.0000     0.6645     0.6645     0.0000     0.0000     0.0000
585   0     0.0000    -1.3290    -1.3290     0.0000     0.0000     0.0000
586   0     0.0000     0.6645     0.6645     0.0000     0.0000     0.0000
587   0     0.0000     0.6645     0.6645     0.0000     0.0000     0.0000
588   0     0.0000    -1.3290    -1.3290     0.0000     0.0000     0.0000
589   0     0.0000     0.6645     0.6645     0.0000     0.0000     0.0000
590   0     0.0000     0.6645     0.6645     0.0000     0.0000     0.0000
591   0     0.0000    -1.3290    -1.3290     0.0000     0.0000     0.0000
592   0     0.0000     0.6645     0.6645     0.0000     0.0000     0.0000
593   0     0.0000     0.6645     0.6645     0.0000     0.0000     0.0000
594   0     0.0000    -1.3290    -1.3290     0.0000     0.0000     0.0000
595   0     0.0000     0.6645     0.6645     0.0000     0.0000     0.0000
596   0     0.0000     0.6645     0.6645     0.0000     0.0000     0.0000
597   0     0.0000    -1.3290    -1.3290     0.0000     0.0000     0.0000
598   0     0.0000     0.6645     0.6645     0.0000     0.0000     0.0000
599   0     0.0000     0.6645     0.6645     0.0000     0.0000     0.0000
600   0     0.0000    -1.3290    -1.3290     0.0000     0.0000     0.0000
601   0     0.0000     0.6645     0.6645     0.0000     0.0000     0.0000
602   0     0.0000     0.6645     0.6645     0.0000     0.0000     0.0000
603   0     0.0000    -1.3290    -1.3290     0.0000     0.0000     0.0000
604   0     0.0000     0.6645     0.6645     0.0000     0.0000     0.0000
605   0     0.0000     0.6645     0.6645     0.0000     0.0000     0.0000
606   0     0.0000    -1.3290    -1.3290     0.0000     0.0000     0.0000
      Bond orders larger than 0.1000000
           Atom A     A.N. of A          Atom B    A.N. of B              Bond order
                0             6               1            1                1.018832
                0             6               2            1                0.937094
                0             6               3            6                0.757226
                0             6              14            8                0.728800
                3             6               4            1                1.033944
                3             6               5            1                0.990004
                3             6               6            6                0.780388
                6             6               7            1                0.987261
                6             6               8            1                1.027069
                6             6               9            6                0.784268
                9             6              10            1                0.985813
                9             6              11            1                0.954152
                9             6              12            8                0.744205
               12             8              13            1                0.973880
               14             8              15            1                0.953493
               16             8              17            1                0.933982
               16             8              18            1                0.924838
               19             8              20            1                0.888009
               19             8              21            1                0.919332
               22             8              23            1                0.958842
               22             8              24            1                0.899222
               25             8              26            1                0.972516
               25             8              27            1                0.917385
               28             8              29            1                0.958685
               28             8              30            1                0.913094
               31             8              32            1                0.924319
               31             8              33            1                0.932772
               34             8              35            1                0.897920
               34             8              36            1                0.925668
               37             8              38            1                0.927867
               37             8              39            1                0.975946
               40             8              41            1                0.888455
               40             8              42            1                0.945383
               43             8              44            1                0.803036
               43             8              45            1                0.954497
               46             8              47            1                0.921831
               46             8              48            1                0.912181
               49             8              50            1                0.863355
               49             8              51            1                0.957398
               52             8              53            1                0.923260
               52             8              54            1                0.940572
               55             8              56            1                0.947867
               55             8              57            1                0.914246
               58             8              59            1                0.919784
               58             8              60            1                0.928569
               61             8              62            1                0.915090
               61             8              63            1                0.942507
               64             8              65            1                0.923752
               64             8              66            1                0.852547
               67             8              68            1                0.940835
               67             8              69            1                0.932715
               70             8              71            1                0.916728
               70             8              72            1                0.933700
               73             8              74            1                0.946414
               73             8              75            1                0.914427
               76             8              77            1                0.937089
               76             8              78            1                0.976232
               79             8              80            1                0.937969
               79             8              81            1                0.956665
               82             8              83            1                1.001958
               82             8              84            1                0.932379
               85             8              86            1                0.941054
               85             8              87            1                0.817533
               88             8              89            1                0.922039
               88             8              90            1                0.927629
               91             8              92            1                0.830782
               91             8              93            1                0.918618
# -----------------------------------------------------------
$ SCF_Electric_Properties
   description: The SCF Calculated Electric Properties
   geom. index: 1
   prop. index: 1
       Filename                          : final059.orca.scfp 
       Do Dipole Moment Calculation      : true 
       Do Quadrupole Moment Calculation  : false 
       Do Polarizability Calculation     : false 
** Dipole moment part of electric properties **
        Magnitude of dipole moment (Debye) :       17.1644332268
        Electronic Contribution:
                  0    
      0      -1.812796
      1      -0.855755
      2      -0.549642
        Nuclear Contribution:
                  0    
      0      -0.818670
      1      -0.754595
      2       6.556589
        Total Dipole moment:
                  0    
      0      -2.631466
      1      -1.610351
      2       6.006948
# -------------------------------------------------------------
----------------------- !GEOMETRIES! ------------------------
# -------------------------------------------------------------
------------------------ !GEOMETRY! -------------------------
    Number of atoms:    607 
    Geometry Index:     1 
    Coordinates:
               0 C     11.250000000000   10.160000000000   12.460000000000
               1 H     12.240000000000    9.830000000000   12.830000000000
               2 H     10.980000000000    9.420000000000   11.670000000000
               3 C     11.210000000000   11.490000000000   11.810000000000
               4 H     10.350000000000   12.120000000000   12.040000000000
               5 H     11.990000000000   12.110000000000   12.280000000000
               6 C     11.500000000000   11.480000000000   10.340000000000
               7 H     12.410000000000   10.880000000000   10.200000000000
               8 H     11.780000000000   12.470000000000    9.870000000000
               9 C     10.200000000000   11.060000000000    9.630000000000
              10 H      9.370000000000   11.840000000000    9.630000000000
              11 H      9.800000000000   10.230000000000   10.140000000000
              12 O     10.370000000000   10.660000000000    8.280000000000
              13 H     10.750000000000    9.820000000000    8.190000000000
              14 O     10.360000000000   10.120000000000   13.590000000000
              15 H      9.830000000000    9.310000000000   13.460000000000
              16 O     12.290000000000   13.600000000000    7.300000000000
              17 H     11.760000000000   12.960000000000    6.800000000000
              18 H     11.700000000000   14.020000000000    7.960000000000
              19 O     13.930000000000    7.840000000000   10.280000000000
              20 H     14.270000000000    8.770000000000   10.390000000000
              21 H     12.980000000000    7.910000000000   10.040000000000
              22 O     13.970000000000   11.200000000000    7.790000000000
              23 H     13.840000000000   10.360000000000    7.330000000000
              24 H     13.210000000000   11.740000000000    7.460000000000
              25 O      6.830000000000    9.900000000000   10.120000000000
              26 H      5.950000000000    9.480000000000   10.250000000000
              27 H      7.510000000000    9.300000000000   10.460000000000
              28 O     11.710000000000   11.600000000000   15.700000000000
              29 H     11.230000000000   10.990000000000   15.200000000000
              30 H     12.430000000000   11.100000000000   16.130000000000
              31 O      6.450000000000   11.700000000000   12.870000000000
              32 H      5.510000000000   11.380000000000   13.120000000000
              33 H      6.670000000000   11.160000000000   12.130000000000
              34 O      7.700000000000    8.880000000000    7.780000000000
              35 H      7.350000000000    9.500000000000    8.390000000000
              36 H      7.310000000000    9.040000000000    6.890000000000
              37 O      9.130000000000   12.410000000000   16.960000000000
              38 H      8.930000000000   13.380000000000   17.090000000000
              39 H      9.910000000000   12.330000000000   16.510000000000
              40 O     11.210000000000   10.930000000000   18.740000000000
              41 H     10.850000000000   11.330000000000   17.920000000000
              42 H     11.660000000000   11.540000000000   19.290000000000
              43 O     15.250000000000   10.310000000000    9.970000000000
              44 H     14.670000000000   10.550000000000    9.190000000000
              45 H     14.930000000000   10.880000000000   10.660000000000
              46 O     10.560000000000   11.720000000000    5.770000000000
              47 H     10.080000000000   11.160000000000    6.400000000000
              48 H      9.870000000000   12.220000000000    5.330000000000
              49 O     14.280000000000   15.410000000000    6.000000000000
              50 H     14.800000000000   14.580000000000    6.080000000000
              51 H     13.510000000000   15.180000000000    6.460000000000
              52 O     10.910000000000    7.930000000000    9.460000000000
              53 H     10.800000000000    7.210000000000    8.790000000000
              54 H     10.160000000000    8.020000000000   10.030000000000
              55 O     15.730000000000    6.030000000000    8.990000000000
              56 H     15.460000000000    6.720000000000    9.530000000000
              57 H     15.590000000000    5.120000000000    9.410000000000
              58 O     13.980000000000   12.230000000000   14.190000000000
              59 H     13.190000000000   12.420000000000   14.710000000000
              60 H     14.180000000000   11.300000000000   14.390000000000
              61 O     10.960000000000   15.060000000000    8.920000000000
              62 H     10.700000000000   14.860000000000    9.850000000000
              63 H     10.580000000000   15.930000000000    8.920000000000
              64 O     13.550000000000   10.030000000000   17.390000000000
              65 H     12.700000000000   10.100000000000   17.830000000000
              66 H     14.100000000000   10.830000000000   17.660000000000
              67 O     13.540000000000   14.990000000000   13.160000000000
              68 H     13.100000000000   15.030000000000   12.310000000000
              69 H     13.820000000000   14.070000000000   13.330000000000
              70 O      6.200000000000   12.400000000000    8.570000000000
              71 H      6.080000000000   13.290000000000    9.000000000000
              72 H      6.530000000000   11.910000000000    9.350000000000
              73 O      4.140000000000    8.540000000000   10.130000000000
              74 H      3.490000000000    9.060000000000    9.670000000000
              75 H      4.400000000000    7.850000000000    9.500000000000
              76 O      8.430000000000    7.700000000000   10.980000000000
              77 H      8.490000000000    7.170000000000   11.790000000000
              78 H      7.900000000000    7.080000000000   10.480000000000
              79 O     13.490000000000    7.190000000000   14.600000000000
              80 H     13.630000000000    6.720000000000   15.450000000000
              81 H     12.680000000000    7.650000000000   14.760000000000
              82 O     14.030000000000    8.370000000000    6.820000000000
              83 H     13.830000000000    7.670000000000    7.370000000000
              84 H     13.600000000000    8.120000000000    6.000000000000
              85 O     15.590000000000   12.890000000000    6.310000000000
              86 H     16.250000000000   12.370000000000    5.820000000000
              87 H     15.180000000000   12.250000000000    6.860000000000
              88 O      9.610000000000    7.310000000000   13.610000000000
              89 H      9.210000000000    7.550000000000   14.460000000000
              90 H      9.880000000000    6.380000000000   13.710000000000
              91 O     13.960000000000    5.910000000000   12.210000000000
              92 H     14.080000000000    6.520000000000   11.470000000000
              93 H     13.630000000000    6.370000000000   13.000000000000
              94 Q     14.120000000000    1.640000000000    7.500000000000
              95 Q     13.340000000000    0.320000000000    7.490000000000
              96 Q     13.460000000000    1.150000000000    7.340000000000
              97 Q      2.480000000000    7.060000000000    9.770000000000
              98 Q      1.390000000000    8.020000000000   10.180000000000
              99 Q      1.710000000000    7.280000000000    9.980000000000
             100 Q     13.530000000000   18.750000000000   16.640000000000
             101 Q     13.080000000000   20.100000000000   16.920000000000
             102 Q     13.300000000000   19.490000000000   16.420000000000
             103 Q      4.560000000000   13.780000000000   15.940000000000
             104 Q      4.110000000000   13.650000000000   14.310000000000
             105 Q      4.040000000000   13.670000000000   15.210000000000
             106 Q     18.850000000000    6.220000000000   13.480000000000
             107 Q     17.890000000000    6.520000000000   14.580000000000
             108 Q     18.160000000000    6.090000000000   13.920000000000
             109 Q      6.690000000000    5.040000000000   12.280000000000
             110 Q      7.850000000000    4.970000000000   13.270000000000
             111 Q      7.550000000000    4.980000000000   12.490000000000
             112 Q      5.730000000000   11.420000000000   21.760000000000
             113 Q      6.520000000000   12.080000000000   20.640000000000
             114 Q      5.840000000000   11.910000000000   21.080000000000
             115 Q      2.520000000000   14.950000000000    8.520000000000
             116 Q      3.150000000000   14.010000000000    7.570000000000
             117 Q      2.610000000000   14.210000000000    8.200000000000
             118 Q      7.640000000000    3.960000000000    5.190000000000
             119 Q      6.410000000000    4.400000000000    5.970000000000
             120 Q      7.010000000000    4.490000000000    5.430000000000
             121 Q      9.660000000000    2.610000000000    9.880000000000
             122 Q      9.190000000000    1.760000000000   10.980000000000
             123 Q      9.610000000000    1.880000000000   10.290000000000
             124 Q      7.810000000000   10.800000000000   16.890000000000
             125 Q      7.770000000000    9.590000000000   17.820000000000
             126 Q      7.520000000000   10.080000000000   17.190000000000
             127 Q      8.340000000000   12.500000000000    3.910000000000
             128 Q      9.060000000000   13.900000000000    4.090000000000
             129 Q      8.630000000000   13.200000000000    4.310000000000
             130 Q     18.100000000000   18.120000000000   14.380000000000
             131 Q     17.260000000000   17.300000000000   13.410000000000
             132 Q     17.980000000000   17.610000000000   13.730000000000
             133 Q      8.240000000000    1.880000000000   12.990000000000
             134 Q      7.820000000000    3.240000000000   12.180000000000
             135 Q      7.950000000000    2.350000000000   12.310000000000
             136 Q     16.290000000000    8.820000000000    7.020000000000
             137 Q     17.710000000000    8.540000000000    7.010000000000
             138 Q     17.050000000000    9.040000000000    6.990000000000
             139 Q     12.270000000000   14.360000000000   17.730000000000
             140 Q     12.510000000000   15.050000000000   16.380000000000
             141 Q     12.730000000000   14.610000000000   17.070000000000
             142 Q      3.740000000000   14.040000000000    5.200000000000
             143 Q      4.620000000000   13.300000000000    6.260000000000
             144 Q      4.160000000000   13.930000000000    5.940000000000
             145 Q     13.570000000000   17.600000000000    8.580000000000
             146 Q     12.170000000000   18.110000000000    7.640000000000
             147 Q     12.970000000000   18.170000000000    8.100000000000
             148 Q      7.660000000000    7.160000000000   15.900000000000
             149 Q      7.880000000000    8.610000000000   16.210000000000
             150 Q      8.100000000000    7.830000000000   15.920000000000
             151 Q      2.620000000000    9.550000000000    7.810000000000
             152 Q      1.310000000000    9.930000000000    8.340000000000
             153 Q      2.120000000000    9.860000000000    8.420000000000
             154 Q      4.070000000000    3.980000000000   11.610000000000
             155 Q      2.980000000000    3.250000000000   12.440000000000
             156 Q      3.470000000000    3.390000000000   11.740000000000
             157 Q     15.320000000000    4.790000000000    2.330000000000
             158 Q     15.380000000000    5.820000000000    1.200000000000
             159 Q     15.710000000000    5.200000000000    1.700000000000
             160 Q     10.980000000000    4.180000000000   13.360000000000
             161 Q     11.260000000000    4.260000000000   14.800000000000
             162 Q     10.830000000000    4.420000000000   14.130000000000
             163 Q     12.720000000000    6.090000000000   19.780000000000
             164 Q     13.480000000000    5.940000000000   21.110000000000
             165 Q     12.820000000000    5.930000000000   20.610000000000
             166 Q     11.630000000000    3.650000000000   11.060000000000
             167 Q     12.660000000000    4.350000000000   12.010000000000
             168 Q     12.040000000000    3.820000000000   11.800000000000
             169 Q      4.560000000000    6.260000000000   11.900000000000
             170 Q      5.690000000000    5.970000000000   10.780000000000
             171 Q      5.180000000000    5.780000000000   11.480000000000
             172 Q     13.550000000000   20.060000000000    8.850000000000
             173 Q     13.320000000000   21.430000000000    9.590000000000
             174 Q     13.720000000000   20.850000000000    9.110000000000
             175 Q     11.960000000000   19.090000000000   15.060000000000
             176 Q     11.720000000000   18.730000000000   13.530000000000
             177 Q     11.520000000000   18.770000000000   14.350000000000
             178 Q      9.100000000000    7.680000000000    3.030000000000
             179 Q      8.080000000000    7.090000000000    2.140000000000
             180 Q      8.360000000000    7.680000000000    2.660000000000
             181 Q      7.320000000000   16.530000000000    2.570000000000
             182 Q      5.880000000000   16.390000000000    1.980000000000
             183 Q      6.690000000000   16.130000000000    2.150000000000
             184 Q      3.090000000000    3.660000000000   14.930000000000
             185 Q      1.800000000000    3.030000000000   14.420000000000
             186 Q      2.620000000000    3.160000000000   14.410000000000
             187 Q     19.130000000000   10.620000000000    9.770000000000
             188 Q     20.510000000000   11.040000000000    9.200000000000
             189 Q     19.930000000000   10.880000000000    9.800000000000
             190 Q     12.750000000000   10.160000000000    0.990000000000
             191 Q     14.200000000000   10.100000000000    1.360000000000
             192 Q     13.520000000000   10.490000000000    1.070000000000
             193 Q     11.020000000000   19.340000000000   11.430000000000
             194 Q     11.740000000000   18.200000000000   10.660000000000
             195 Q     11.480000000000   18.660000000000   11.330000000000
             196 Q      9.950000000000    6.880000000000   19.670000000000
             197 Q      8.470000000000    6.450000000000   19.790000000000
             198 Q      9.320000000000    6.350000000000   19.860000000000
             199 Q      6.540000000000   12.090000000000    6.820000000000
             200 Q      6.920000000000   12.570000000000    5.530000000000
             201 Q      6.420000000000   12.150000000000    6.020000000000
             202 Q     14.970000000000   17.930000000000   13.720000000000
             203 Q     14.740000000000   16.500000000000   13.680000000000
             204 Q     15.060000000000   17.160000000000   14.000000000000
             205 Q      9.650000000000   10.840000000000   21.060000000000
             206 Q      9.970000000000    9.480000000000   21.750000000000
             207 Q      9.530000000000   10.040000000000   21.290000000000
             208 Q     18.010000000000    7.300000000000   10.010000000000
             209 Q     17.540000000000    5.880000000000    9.800000000000
             210 Q     18.140000000000    6.480000000000    9.870000000000
             211 Q     14.750000000000    8.610000000000    3.110000000000
             212 Q     15.750000000000    9.800000000000    3.020000000000
             213 Q     15.310000000000    9.140000000000    2.720000000000
             214 Q      6.440000000000   13.510000000000   17.590000000000
             215 Q      5.190000000000   12.570000000000   17.620000000000
             216 Q      5.730000000000   13.120000000000   17.280000000000
             217 Q     11.470000000000   16.930000000000   15.030000000000
             218 Q     11.830000000000   15.680000000000   14.230000000000
             219 Q     11.490000000000   16.090000000000   14.860000000000
             220 Q     17.170000000000    8.320000000000   15.950000000000
             221 Q     17.980000000000    7.260000000000   16.650000000000
             222 Q     17.400000000000    7.540000000000   16.120000000000
             223 Q      9.390000000000    3.390000000000   14.920000000000
             224 Q      8.850000000000    2.490000000000   15.940000000000
             225 Q      8.790000000000    3.040000000000   15.340000000000
             226 Q      4.320000000000   15.530000000000   12.220000000000
             227 Q      3.920000000000   17.210000000000   12.140000000000
             228 Q      4.250000000000   16.420000000000   11.880000000000
             229 Q      4.810000000000    8.330000000000    6.110000000000
             230 Q      4.260000000000    6.990000000000    5.340000000000
             231 Q      4.380000000000    7.550000000000    6.010000000000
             232 Q      6.010000000000    5.080000000000   15.680000000000
             233 Q      7.480000000000    4.500000000000   15.750000000000
             234 Q      6.860000000000    5.090000000000   15.810000000000
             235 Q     13.970000000000   10.010000000000   20.890000000000
             236 Q     14.390000000000    9.690000000000   19.310000000000
             237 Q     14.140000000000    9.550000000000   20.150000000000
             238 Q     16.640000000000   10.510000000000   15.960000000000
             239 Q     17.790000000000   11.330000000000   16.450000000000
             240 Q     17.390000000000   10.620000000000   16.320000000000
             241 Q     18.880000000000    7.840000000000    2.540000000000
             242 Q     17.600000000000    8.280000000000    3.240000000000
             243 Q     18.430000000000    8.140000000000    3.180000000000
             244 Q     15.500000000000    5.460000000000   12.050000000000
             245 Q     16.890000000000    5.330000000000   12.720000000000
             246 Q     16.300000000000    5.190000000000   12.100000000000
             247 Q     15.480000000000   17.620000000000    7.070000000000
             248 Q     16.420000000000   16.470000000000    6.760000000000
             249 Q     16.210000000000   17.230000000000    7.080000000000
             250 Q      5.090000000000    3.640000000000    8.500000000000
             251 Q      6.410000000000    3.040000000000    8.090000000000
             252 Q      5.800000000000    3.620000000000    8.050000000000
             253 Q     21.320000000000    6.530000000000   13.100000000000
             254 Q     20.660000000000    7.670000000000   12.370000000000
             255 Q     20.810000000000    7.160000000000   13.050000000000
             256 Q     18.960000000000    6.730000000000    8.040000000000
             257 Q     19.360000000000    6.270000000000    6.660000000000
             258 Q     19.280000000000    6.850000000000    7.270000000000
             259 Q     10.210000000000    5.120000000000    9.490000000000
             260 Q      9.160000000000    4.900000000000   10.570000000000
             261 Q      9.620000000000    4.680000000000    9.930000000000
             262 Q      3.200000000000    5.260000000000    8.450000000000
             263 Q      3.840000000000    6.240000000000    7.560000000000
             264 Q      3.680000000000    5.930000000000    8.280000000000
             265 Q      1.070000000000    8.390000000000    5.960000000000
             266 Q      2.310000000000    8.260000000000    5.210000000000
             267 Q      1.720000000000    8.710000000000    5.570000000000
             268 Q      2.860000000000   15.140000000000   15.920000000000
             269 Q      1.600000000000   15.970000000000   16.130000000000
             270 Q      2.410000000000   15.720000000000   16.290000000000
             271 Q     17.890000000000   15.120000000000   18.210000000000
             272 Q     16.930000000000   15.480000000000   19.290000000000
             273 Q     17.690000000000   15.220000000000   18.990000000000
             274 Q      9.900000000000   16.120000000000   19.980000000000
             275 Q      8.360000000000   16.460000000000   20.250000000000
             276 Q      9.090000000000   16.430000000000   19.820000000000
             277 Q     17.220000000000   16.220000000000   16.600000000000
             278 Q     18.800000000000   15.950000000000   16.480000000000
             279 Q     17.940000000000   15.780000000000   16.470000000000
             280 Q     19.960000000000    9.520000000000   14.290000000000
             281 Q     20.000000000000   10.880000000000   14.650000000000
             282 Q     19.800000000000   10.280000000000   14.130000000000
             283 Q      6.490000000000    6.560000000000   21.870000000000
             284 Q      5.650000000000    6.430000000000   20.730000000000
             285 Q      5.900000000000    6.800000000000   21.400000000000
             286 Q      9.910000000000    6.590000000000    0.270000000000
             287 Q     11.340000000000    6.180000000000    0.320000000000
             288 Q     10.610000000000    6.380000000000    0.650000000000
             289 Q      6.150000000000    4.880000000000    3.890000000000
             290 Q      4.960000000000    5.650000000000    3.200000000000
             291 Q      5.540000000000    5.040000000000    3.280000000000
             292 Q     11.200000000000    8.170000000000    1.110000000000
             293 Q     11.130000000000    9.540000000000    1.660000000000
             294 Q     11.300000000000    8.990000000000    1.090000000000
             295 Q      6.660000000000    7.520000000000    8.490000000000
             296 Q      5.980000000000    6.080000000000    8.470000000000
             297 Q      6.320000000000    6.830000000000    8.840000000000
             298 Q     17.250000000000    2.040000000000   10.690000000000
             299 Q     16.610000000000    3.440000000000   11.110000000000
             300 Q     16.630000000000    2.630000000000   10.810000000000
             301 Q     15.340000000000    5.510000000000    4.690000000000
             302 Q     14.270000000000    4.410000000000    4.420000000000
             303 Q     14.660000000000    5.180000000000    4.300000000000
             304 Q      8.680000000000   13.080000000000   20.440000000000
             305 Q      8.830000000000   12.050000000000   19.270000000000
             306 Q      8.430000000000   12.430000000000   19.910000000000
             307 Q      9.150000000000   20.930000000000    8.840000000000
             308 Q      8.440000000000   20.480000000000   10.120000000000
             309 Q      9.030000000000   20.460000000000    9.530000000000
             310 Q     16.250000000000    7.070000000000   20.930000000000
             311 Q     14.870000000000    7.650000000000   20.940000000000
             312 Q     15.440000000000    7.090000000000   21.140000000000
             313 Q      2.940000000000    7.560000000000   14.260000000000
             314 Q      3.740000000000    8.010000000000   15.600000000000
             315 Q      3.070000000000    7.710000000000   15.110000000000
             316 Q      4.630000000000    8.300000000000   17.740000000000
             317 Q      5.630000000000    9.340000000000   17.180000000000
             318 Q      4.880000000000    8.920000000000   17.230000000000
             319 Q     15.950000000000    9.270000000000   14.030000000000
             320 Q     14.890000000000    8.760000000000   14.960000000000
             321 Q     15.410000000000    9.350000000000   14.640000000000
             322 Q      9.710000000000   15.840000000000   14.330000000000
             323 Q      8.490000000000   15.070000000000   14.010000000000
             324 Q      9.060000000000   15.660000000000   13.820000000000
             325 Q      9.620000000000   18.580000000000   17.120000000000
             326 Q      9.710000000000   17.650000000000   18.240000000000
             327 Q      9.990000000000   18.280000000000   17.800000000000
             328 Q     14.880000000000   17.160000000000   16.100000000000
             329 Q     14.160000000000   16.220000000000   17.020000000000
             330 Q     14.530000000000   16.940000000000   16.810000000000
             331 Q      7.490000000000   15.650000000000   17.170000000000
             332 Q      8.210000000000   15.220000000000   18.420000000000
             333 Q      7.810000000000   15.080000000000   17.700000000000
             334 Q      5.130000000000    9.750000000000    1.190000000000
             335 Q      4.840000000000   10.720000000000    2.240000000000
             336 Q      5.300000000000   10.430000000000    1.650000000000
             337 Q      8.350000000000    9.640000000000    2.460000000000
             338 Q      7.310000000000   10.680000000000    1.870000000000
             339 Q      8.000000000000   10.410000000000    2.360000000000
             340 Q     16.990000000000    9.660000000000   18.030000000000
             341 Q     16.820000000000    9.540000000000   19.600000000000
             342 Q     16.600000000000    9.510000000000   18.780000000000
             343 Q     14.090000000000   17.360000000000    5.000000000000
             344 Q     13.300000000000   18.670000000000    4.760000000000
             345 Q     13.440000000000   17.840000000000    4.720000000000
             346 Q     17.140000000000    9.420000000000    9.280000000000
             347 Q     17.430000000000    9.440000000000   10.750000000000
             348 Q     17.600000000000    9.270000000000    9.950000000000
             349 Q     19.010000000000   17.070000000000    9.450000000000
             350 Q     17.740000000000   17.350000000000    8.470000000000
             351 Q     18.470000000000   17.520000000000    8.930000000000
             352 Q     12.310000000000    8.020000000000    4.080000000000
             353 Q     13.500000000000    6.980000000000    4.150000000000
             354 Q     13.100000000000    7.740000000000    4.220000000000
             355 Q     14.640000000000   12.920000000000   17.460000000000
             356 Q     15.920000000000   12.230000000000   17.970000000000
             357 Q     15.070000000000   12.390000000000   17.930000000000
             358 Q      3.040000000000    7.890000000000   19.070000000000
             359 Q      3.550000000000    6.410000000000   19.050000000000
             360 Q      3.620000000000    7.260000000000   19.120000000000
             361 Q     11.550000000000   17.590000000000    5.430000000000
             362 Q      9.990000000000   17.120000000000    5.920000000000
             363 Q     10.750000000000   17.580000000000    5.840000000000
             364 Q     19.350000000000   12.670000000000    5.750000000000
             365 Q     19.510000000000   12.880000000000    4.220000000000
             366 Q     19.260000000000   12.480000000000    4.940000000000
             367 Q     16.100000000000    4.120000000000   16.030000000000
             368 Q     16.130000000000    4.480000000000   17.530000000000
             369 Q     15.790000000000    4.340000000000   16.800000000000
             370 Q     11.310000000000   16.690000000000   11.740000000000
             371 Q     10.500000000000   15.720000000000   12.510000000000
             372 Q     11.090000000000   15.900000000000   11.950000000000
             373 Q      5.970000000000   17.690000000000   16.350000000000
             374 Q      6.940000000000   17.640000000000   17.520000000000
             375 Q      6.690000000000   17.470000000000   16.740000000000
             376 Q     18.330000000000   14.760000000000    5.920000000000
             377 Q     17.290000000000   14.790000000000    4.780000000000
             378 Q     17.620000000000   15.000000000000    5.560000000000
             379 Q     13.600000000000   13.050000000000   20.240000000000
             380 Q     12.290000000000   12.710000000000   21.100000000000
             381 Q     12.780000000000   12.880000000000   20.380000000000
             382 Q      8.910000000000    1.540000000000    4.850000000000
             383 Q      9.140000000000    2.040000000000    6.290000000000
             384 Q      8.770000000000    2.040000000000    5.530000000000
             385 Q      1.120000000000   13.790000000000    7.260000000000
             386 Q     -0.360000000000   13.700000000000    6.720000000000
             387 Q      0.470000000000   13.530000000000    6.750000000000
             388 Q      6.320000000000   10.270000000000    5.040000000000
             389 Q      6.640000000000    8.970000000000    4.350000000000
             390 Q      6.460000000000    9.440000000000    5.010000000000
             391 Q     21.250000000000    9.770000000000   11.000000000000
             392 Q     22.230000000000    9.290000000000   12.210000000000
             393 Q     21.760000000000    9.240000000000   11.440000000000
             394 Q      6.750000000000    5.060000000000    1.770000000000
             395 Q      7.890000000000    4.480000000000    1.040000000000
             396 Q      7.400000000000    5.100000000000    1.270000000000
             397 Q      2.490000000000   14.300000000000    3.220000000000
             398 Q      3.310000000000   13.160000000000    3.170000000000
             399 Q      3.180000000000   13.940000000000    3.370000000000
             400 Q     16.870000000000    5.850000000000    6.130000000000
             401 Q     15.970000000000    5.760000000000    7.380000000000
             402 Q     16.160000000000    5.910000000000    6.560000000000
             403 Q      3.600000000000   13.140000000000   11.900000000000
             404 Q      5.010000000000   13.390000000000   12.050000000000
             405 Q      4.230000000000   13.550000000000   12.250000000000
             406 Q     12.970000000000   15.700000000000    9.650000000000
             407 Q     14.440000000000   15.560000000000   10.010000000000
             408 Q     13.730000000000   15.970000000000    9.860000000000
             409 Q     11.030000000000   20.800000000000    4.620000000000
             410 Q     10.560000000000   19.510000000000    5.420000000000
             411 Q     10.510000000000   20.310000000000    5.090000000000
             412 Q     15.690000000000    7.450000000000   16.740000000000
             413 Q     14.640000000000    8.410000000000   17.390000000000
             414 Q     14.920000000000    7.680000000000   17.030000000000
             415 Q      4.140000000000   10.460000000000   18.120000000000
             416 Q      4.130000000000   11.320000000000   19.440000000000
             417 Q      3.970000000000   11.140000000000   18.580000000000
             418 Q      9.740000000000   18.720000000000   15.100000000000
             419 Q      8.350000000000   17.970000000000   15.580000000000
             420 Q      8.910000000000   18.640000000000   15.440000000000
             421 Q     11.710000000000   12.090000000000    1.520000000000
             422 Q     11.280000000000   13.470000000000    1.370000000000
             423 Q     11.380000000000   12.720000000000    1.100000000000
             424 Q     10.410000000000    8.110000000000   16.260000000000
             425 Q     10.990000000000    8.300000000000   17.640000000000
             426 Q     11.030000000000    8.090000000000   16.810000000000
             427 Q     11.560000000000    2.000000000000    7.470000000000
             428 Q     10.900000000000    3.270000000000    7.180000000000
             429 Q     10.900000000000    2.520000000000    7.420000000000
             430 Q      9.700000000000    4.560000000000   19.100000000000
             431 Q     10.690000000000    3.440000000000   19.310000000000
             432 Q     10.100000000000    3.820000000000   18.900000000000
             433 Q     19.460000000000   12.760000000000   16.840000000000
             434 Q     18.950000000000   13.290000000000   15.520000000000
             435 Q     19.220000000000   12.700000000000   16.040000000000
             436 Q     18.930000000000    3.130000000000   11.750000000000
             437 Q     18.790000000000    4.650000000000   11.230000000000
             438 Q     19.160000000000    3.940000000000   11.520000000000
             439 Q      2.410000000000   12.720000000000    9.690000000000
             440 Q      2.670000000000   11.340000000000   10.030000000000
             441 Q      2.520000000000   12.150000000000   10.250000000000
             442 Q      8.580000000000    5.640000000000    5.570000000000
             443 Q      9.790000000000    5.270000000000    4.570000000000
             444 Q      9.400000000000    5.630000000000    5.270000000000
             445 Q     15.030000000000    3.490000000000   19.560000000000
             446 Q     14.780000000000    3.340000000000   18.040000000000
             447 Q     14.700000000000    3.140000000000   18.850000000000
             448 Q      7.490000000000   17.510000000000    9.240000000000
             449 Q      7.510000000000   17.100000000000    7.710000000000
             450 Q      7.120000000000   17.330000000000    8.470000000000
             451 Q      6.640000000000   16.740000000000   11.740000000000
             452 Q      7.970000000000   16.570000000000   12.520000000000
             453 Q      7.450000000000   16.920000000000   11.950000000000
             454 Q     -0.120000000000   12.810000000000   12.340000000000
             455 Q      1.310000000000   12.470000000000   11.820000000000
             456 Q      0.730000000000   12.830000000000   12.330000000000
             457 Q     12.110000000000    8.010000000000   19.940000000000
             458 Q     11.170000000000    9.200000000000   19.750000000000
             459 Q     11.400000000000    8.400000000000   19.710000000000
             460 Q     15.630000000000    2.660000000000    8.980000000000
             461 Q     15.720000000000    2.890000000000    7.440000000000
             462 Q     15.360000000000    2.810000000000    8.210000000000
             463 Q     16.270000000000   17.400000000000   19.500000000000
             464 Q     15.270000000000   16.880000000000   18.530000000000
             465 Q     15.760000000000   16.820000000000   19.200000000000
             466 Q      5.570000000000   15.620000000000    9.850000000000
             467 Q      6.950000000000   15.420000000000    9.560000000000
             468 Q      6.260000000000   15.170000000000    9.830000000000
             469 Q     10.990000000000   11.160000000000    3.830000000000
             470 Q      9.970000000000   10.980000000000    2.700000000000
             471 Q     10.750000000000   10.990000000000    3.040000000000
             472 Q     12.580000000000    2.120000000000   12.960000000000
             473 Q     13.750000000000    1.060000000000   12.920000000000
             474 Q     12.960000000000    1.370000000000   13.100000000000
             475 Q      3.400000000000   16.690000000000    4.680000000000
             476 Q      4.550000000000   17.520000000000    4.580000000000
             477 Q      3.770000000000   17.380000000000    4.480000000000
             478 Q     18.670000000000   14.470000000000   13.060000000000
             479 Q     18.430000000000   15.490000000000   14.200000000000
             480 Q     18.790000000000   14.830000000000   13.830000000000
             481 Q     16.330000000000   13.120000000000   11.690000000000
             482 Q     16.170000000000   12.860000000000   13.160000000000
             483 Q     16.300000000000   12.650000000000   12.360000000000
             484 Q     13.750000000000   18.900000000000   11.520000000000
             485 Q     14.900000000000   19.960000000000   11.700000000000
             486 Q     14.560000000000   19.170000000000   11.690000000000
             487 Q     17.240000000000   15.270000000000   10.880000000000
             488 Q     16.650000000000   14.280000000000    9.750000000000
             489 Q     16.630000000000   14.850000000000   10.400000000000
             490 Q     12.010000000000   14.280000000000   19.660000000000
             491 Q     12.160000000000   15.790000000000   19.230000000000
             492 Q     11.740000000000   15.070000000000   19.440000000000
             493 Q     19.840000000000   12.020000000000   11.370000000000
             494 Q     19.350000000000   12.350000000000   12.740000000000
             495 Q     19.710000000000   12.540000000000   12.030000000000
             496 Q      6.910000000000    8.190000000000   20.020000000000
             497 Q      8.180000000000    8.980000000000   20.260000000000
             498 Q      7.540000000000    8.670000000000   19.780000000000
             499 Q      9.830000000000   18.350000000000    3.510000000000
             500 Q      8.520000000000   18.260000000000    4.250000000000
             501 Q      9.100000000000   18.000000000000    3.690000000000
             502 Q     10.510000000000    3.660000000000    2.790000000000
             503 Q     10.330000000000    5.140000000000    2.290000000000
             504 Q     10.370000000000    4.510000000000    2.870000000000
             505 Q      3.580000000000   16.540000000000    9.970000000000
             506 Q      3.540000000000   17.450000000000    8.660000000000
             507 Q      3.330000000000   16.820000000000    9.200000000000
             508 Q     12.910000000000    2.400000000000   16.180000000000
             509 Q     13.210000000000    1.190000000000   15.260000000000
             510 Q     13.220000000000    1.620000000000   15.980000000000
             511 Q     10.000000000000    8.600000000000    4.740000000000
             512 Q     10.260000000000    7.170000000000    4.600000000000
             513 Q     10.370000000000    7.950000000000    4.410000000000
             514 Q     13.460000000000   15.030000000000    3.010000000000
             515 Q     13.460000000000   14.620000000000    4.530000000000
             516 Q     13.150000000000   14.670000000000    3.730000000000
             517 Q     14.460000000000   12.790000000000    0.760000000000
             518 Q     15.900000000000   13.220000000000    0.240000000000
             519 Q     15.100000000000   13.320000000000    0.550000000000
             520 Q      7.080000000000   12.820000000000   13.910000000000
             521 Q      6.800000000000   13.260000000000   15.300000000000
             522 Q      7.140000000000   13.360000000000   14.550000000000
             523 Q     13.030000000000    2.400000000000    3.960000000000
             524 Q     13.370000000000    2.300000000000    5.400000000000
             525 Q     13.530000000000    2.420000000000    4.620000000000
             526 Q     20.340000000000   14.010000000000    8.000000000000
             527 Q     18.930000000000   13.540000000000    7.750000000000
             528 Q     19.660000000000   13.880000000000    7.520000000000
             529 Q      7.710000000000   19.100000000000   12.570000000000
             530 Q      7.780000000000   19.250000000000   14.100000000000
             531 Q      7.530000000000   19.460000000000   13.320000000000
             532 Q      7.030000000000    0.850000000000    8.590000000000
             533 Q      8.310000000000    1.700000000000    8.710000000000
             534 Q      7.560000000000    1.480000000000    8.420000000000
             535 Q      6.510000000000    5.790000000000   18.300000000000
             536 Q      6.910000000000    4.530000000000   19.220000000000
             537 Q      6.680000000000    5.330000000000   19.070000000000
             538 Q     17.020000000000   10.160000000000    5.190000000000
             539 Q     17.730000000000   11.190000000000    4.380000000000
             540 Q     17.090000000000   10.680000000000    4.550000000000
             541 Q     12.250000000000    6.800000000000   17.610000000000
             542 Q     13.610000000000    6.400000000000   17.670000000000
             543 Q     12.830000000000    6.270000000000   17.840000000000
             544 Q      6.450000000000   15.050000000000    4.160000000000
             545 Q      5.450000000000   15.320000000000    5.360000000000
             546 Q      6.100000000000   15.490000000000    4.830000000000
             547 Q     18.420000000000   11.610000000000   19.270000000000
             548 Q     17.850000000000   13.120000000000   19.080000000000
             549 Q     17.950000000000   12.260000000000   18.910000000000
             550 Q     14.030000000000    5.270000000000    6.450000000000
             551 Q     13.890000000000    3.900000000000    7.320000000000
             552 Q     13.660000000000    4.630000000000    6.910000000000
             553 Q      9.520000000000   18.560000000000    9.380000000000
             554 Q      9.210000000000   17.530000000000   10.420000000000
             555 Q      9.560000000000   17.780000000000    9.710000000000
             556 Q     16.430000000000   18.900000000000   10.880000000000
             557 Q     17.820000000000   18.680000000000   10.320000000000
             558 Q     17.250000000000   19.060000000000   10.810000000000
             559 Q     16.570000000000   12.950000000000    7.950000000000
             560 Q     16.800000000000   11.920000000000    9.020000000000
             561 Q     16.940000000000   12.620000000000    8.660000000000
             562 Q      3.340000000000    7.820000000000   11.880000000000
             563 Q      2.420000000000    6.700000000000   12.350000000000
             564 Q      3.090000000000    7.220000000000   12.400000000000
             565 Q      3.740000000000    5.660000000000   15.420000000000
             566 Q      3.400000000000    5.010000000000   16.650000000000
             567 Q      3.830000000000    5.040000000000   15.940000000000
             568 Q     19.740000000000   15.680000000000   11.400000000000
             569 Q     18.840000000000   16.790000000000   12.020000000000
             570 Q     19.090000000000   16.200000000000   11.430000000000
             571 Q     11.980000000000    5.330000000000    7.400000000000
             572 Q     10.490000000000    5.650000000000    6.820000000000
             573 Q     11.170000000000    5.700000000000    7.430000000000
             574 Q     12.170000000000    4.490000000000   16.900000000000
             575 Q     10.860000000000    3.930000000000   17.030000000000
             576 Q     11.600000000000    3.960000000000   16.670000000000
             577 Q     16.860000000000   15.550000000000    2.780000000000
             578 Q     16.340000000000   14.200000000000    2.450000000000
             579 Q     16.850000000000   14.740000000000    2.790000000000
             580 Q      7.830000000000   16.050000000000    5.580000000000
             581 Q      8.960000000000   15.320000000000    6.190000000000
             582 Q      8.440000000000   15.960000000000    6.140000000000
             583 Q     11.100000000000   15.080000000000    3.720000000000
             584 Q      9.800000000000   15.860000000000    3.520000000000
             585 Q     10.280000000000   15.180000000000    3.460000000000
             586 Q      7.920000000000   14.790000000000    0.730000000000
             587 Q      9.080000000000   13.660000000000    0.860000000000
             588 Q      8.650000000000   14.340000000000    0.510000000000
             589 Q     16.830000000000   10.550000000000   12.540000000000
             590 Q     18.120000000000    9.920000000000   13.000000000000
             591 Q     17.310000000000    9.930000000000   12.720000000000
             592 Q      2.580000000000   10.400000000000   13.910000000000
             593 Q      1.330000000000   11.310000000000   13.550000000000
             594 Q      1.790000000000   10.590000000000   13.670000000000
             595 Q      4.380000000000   10.300000000000   15.720000000000
             596 Q      4.320000000000   11.730000000000   15.230000000000
             597 Q      4.150000000000   10.920000000000   15.220000000000
             598 Q      4.520000000000    2.360000000000   14.590000000000
             599 Q      6.070000000000    2.450000000000   14.890000000000
             600 Q      5.300000000000    2.140000000000   14.940000000000
             601 Q     18.920000000000    4.760000000000   14.890000000000
             602 Q     19.280000000000    3.280000000000   15.130000000000
             603 Q     19.370000000000    4.100000000000   15.200000000000
             604 Q      5.650000000000   18.370000000000    7.560000000000
             605 Q      5.890000000000   19.160000000000    6.310000000000
             606 Q      5.440000000000   18.930000000000    6.970000000000
