-------------------------------------------------------------
----------------------- !PROPERTIES! ------------------------
-------------------------------------------------------------
# -----------------------------------------------------------
$ PAL_Flags
   description: The PAL Flags
   geom. index: 1
   prop. index: 1
        Diskflag:     2
# -----------------------------------------------------------
$ SCF_Energy
   description: The SCF energy
   geom. index: 1
   prop. index: 1
        SCF Energy:    -2310.6768810071
# -----------------------------------------------------------
$ DFT_Energy
   description: The DFT energy
   geom. index: 1
   prop. index: 1
   Number of Alpha Electrons                144.9996212484 
   Number of Beta  Electrons                144.9996212484 
   Total number of  Electrons               289.9992424968 
   Exchange energy                         -203.0018671416 
   Correlation energy                       -11.7292110044 
   Correlation energy NL                      0.0000000000 
   Exchange-Correlation energy             -214.7310781460 
   Embedding correction                       0.0000000000 
   Total DFT Energy (No VdW correction)   -2310.6768810071 
# -----------------------------------------------------------
$ Mayer_Pop
   description: The Mayer population analysis
   geom. index: 1
   prop. index: 1
     Number of atoms                     : 607
     Threshold for printing              : 0.1000000
     Number of bond orders printed       : 64
  NA   - Mulliken gross atomic population
  ZA   - Total nuclear charge
  QA   - Mulliken gross atomic charge
  VA   - Mayer's total valence
  BVA  - Mayer's bonded valence
  FA   - Mayer's free valence
  ATOM       NA         ZA         QA         VA         BVA        FA
  0   0     6.2859     6.0000    -0.2859     3.7605     3.7605    -0.0000
  1   0     0.8259     1.0000     0.1741     0.9929     0.9929    -0.0000
  2   0     0.8274     1.0000     0.1726     0.9767     0.9767    -0.0000
  3   0     6.3001     6.0000    -0.3001     3.4476     3.4476     0.0000
  4   0     0.7630     1.0000     0.2370     0.9437     0.9437     0.0000
  5   0     0.8239     1.0000     0.1761     0.9507     0.9507    -0.0000
  6   0     6.0924     6.0000    -0.0924     3.4722     3.4722     0.0000
  7   0     0.8772     1.0000     0.1228     1.0437     1.0437     0.0000
  8   0     0.9232     1.0000     0.0768     1.0409     1.0409    -0.0000
  9   0     6.2732     6.0000    -0.2732     3.7249     3.7249     0.0000
 10   0     0.8345     1.0000     0.1655     0.9948     0.9948     0.0000
 11   0     0.7670     1.0000     0.2330     0.9458     0.9458     0.0000
 12   0     8.4240     8.0000    -0.4240     1.8650     1.8650    -0.0000
 13   0     0.7812     1.0000     0.2188     0.9771     0.9771     0.0000
 14   0     8.6071     8.0000    -0.6071     1.9096     1.9096    -0.0000
 15   0     0.6883     1.0000     0.3117     0.9244     0.9244    -0.0000
 16   0     8.5580     8.0000    -0.5580     1.8505     1.8505     0.0000
 17   0     0.6982     1.0000     0.3018     0.9429     0.9429     0.0000
 18   0     0.7644     1.0000     0.2356     0.9808     0.9808    -0.0000
 19   0     8.5350     8.0000    -0.5350     1.8897     1.8897     0.0000
 20   0     0.7715     1.0000     0.2285     0.9946     0.9946     0.0000
 21   0     0.7070     1.0000     0.2930     0.9599     0.9599    -0.0000
 22   0     8.4506     8.0000    -0.4506     2.0742     2.0742    -0.0000
 23   0     0.8372     1.0000     0.1628     1.0565     1.0565    -0.0000
 24   0     0.7265     1.0000     0.2735     0.9605     0.9605    -0.0000
 25   0     8.4982     8.0000    -0.4982     1.8561     1.8561     0.0000
 26   0     0.7552     1.0000     0.2448     0.9626     0.9626     0.0000
 27   0     0.7303     1.0000     0.2697     0.9598     0.9598    -0.0000
 28   0     8.4772     8.0000    -0.4772     1.8837     1.8837    -0.0000
 29   0     0.7937     1.0000     0.2063     1.0136     1.0136    -0.0000
 30   0     0.7283     1.0000     0.2717     0.9821     0.9821     0.0000
 31   0     8.5468     8.0000    -0.5468     1.9369     1.9369    -0.0000
 32   0     0.7281     1.0000     0.2719     0.9598     0.9598     0.0000
 33   0     0.6954     1.0000     0.3046     0.9440     0.9440    -0.0000
 34   0     8.5225     8.0000    -0.5225     1.9791     1.9791    -0.0000
 35   0     0.7203     1.0000     0.2797     0.9752     0.9752    -0.0000
 36   0     0.7640     1.0000     0.2360     1.0502     1.0502    -0.0000
 37   0     8.5603     8.0000    -0.5603     1.9456     1.9456     0.0000
 38   0     0.7626     1.0000     0.2374     1.0005     1.0005     0.0000
 39   0     0.6811     1.0000     0.3189     0.9334     0.9334     0.0000
 40   0     8.5645     8.0000    -0.5645     1.9522     1.9522     0.0000
 41   0     0.7004     1.0000     0.2996     0.9648     0.9648     0.0000
 42   0     0.7376     1.0000     0.2624     0.9823     0.9823     0.0000
 43   0     8.5690     8.0000    -0.5690     1.8488     1.8488     0.0000
 44   0     0.6955     1.0000     0.3045     0.9371     0.9371    -0.0000
 45   0     0.7451     1.0000     0.2549     1.0207     1.0207    -0.0000
 46   0     8.5834     8.0000    -0.5834     1.9473     1.9473     0.0000
 47   0     0.6933     1.0000     0.3067     0.9387     0.9387     0.0000
 48   0     0.6771     1.0000     0.3229     0.9355     0.9355     0.0000
 49   0     8.5274     8.0000    -0.5274     1.9406     1.9406    -0.0000
 50   0     0.7359     1.0000     0.2641     0.9795     0.9795     0.0000
 51   0     0.7376     1.0000     0.2624     0.9421     0.9421    -0.0000
 52   0     8.5294     8.0000    -0.5294     1.9201     1.9201    -0.0000
 53   0     0.7354     1.0000     0.2646     0.9946     0.9946    -0.0000
 54   0     0.7282     1.0000     0.2718     0.9692     0.9692    -0.0000
 55   0     8.4453     8.0000    -0.4453     2.0064     2.0064     0.0000
 56   0     0.7275     1.0000     0.2725     0.9622     0.9622     0.0000
 57   0     0.7566     1.0000     0.2434     0.9793     0.9793    -0.0000
 58   0     8.5271     8.0000    -0.5271     1.9541     1.9541    -0.0000
 59   0     0.7067     1.0000     0.2933     0.9582     0.9582     0.0000
 60   0     0.7452     1.0000     0.2548     0.9792     0.9792    -0.0000
 61   0     8.5442     8.0000    -0.5442     1.9736     1.9736    -0.0000
 62   0     0.7415     1.0000     0.2585     0.9754     0.9754     0.0000
 63   0     0.6710     1.0000     0.3290     0.9107     0.9107    -0.0000
 64   0     8.5560     8.0000    -0.5560     1.8603     1.8603     0.0000
 65   0     0.7290     1.0000     0.2710     0.9983     0.9983     0.0000
 66   0     0.7274     1.0000     0.2726     0.9559     0.9559    -0.0000
 67   0     8.6043     8.0000    -0.6043     1.8163     1.8163    -0.0000
 68   0     0.7251     1.0000     0.2749     0.9572     0.9572    -0.0000
 69   0     0.6922     1.0000     0.3078     0.9208     0.9208     0.0000
 70   0     8.5147     8.0000    -0.5147     1.8686     1.8686    -0.0000
 71   0     0.7163     1.0000     0.2837     0.9517     0.9517    -0.0000
 72   0     0.7833     1.0000     0.2167     0.9554     0.9554     0.0000
 73   0     8.6381     8.0000    -0.6381     1.8010     1.8010    -0.0000
 74   0     0.6380     1.0000     0.3620     0.8943     0.8943     0.0000
 75   0     0.7340     1.0000     0.2660     0.9337     0.9337    -0.0000
 76   0     8.4981     8.0000    -0.4981     1.9490     1.9490     0.0000
 77   0     0.8079     1.0000     0.1921     1.0026     1.0026    -0.0000
 78   0     0.6897     1.0000     0.3103     0.9221     0.9221     0.0000
 79   0     8.6923     8.0000    -0.6923     1.8931     1.8931    -0.0000
 80   0     0.6505     1.0000     0.3495     0.9504     0.9504    -0.0000
 81   0     0.6617     1.0000     0.3383     0.9458     0.9458     0.0000
 82   0     8.5010     8.0000    -0.5010     1.9577     1.9577    -0.0000
 83   0     0.7479     1.0000     0.2521     1.0088     1.0088    -0.0000
 84   0     0.7538     1.0000     0.2462     0.9646     0.9646     0.0000
 85   0     8.5643     8.0000    -0.5643     1.8673     1.8673     0.0000
 86   0     0.7024     1.0000     0.2976     0.9299     0.9299     0.0000
 87   0     0.7401     1.0000     0.2599     1.0085     1.0085     0.0000
 88   0     0.0000     0.6645     0.6645     0.0000     0.0000     0.0000
 89   0     0.0000     0.6645     0.6645     0.0000     0.0000     0.0000
 90   0     0.0000    -1.3290    -1.3290     0.0000     0.0000     0.0000
 91   0     0.0000     0.6645     0.6645     0.0000     0.0000     0.0000
 92   0     0.0000     0.6645     0.6645     0.0000     0.0000     0.0000
 93   0     0.0000    -1.3290    -1.3290     0.0000     0.0000     0.0000
 94   0     0.0000     0.6645     0.6645     0.0000     0.0000     0.0000
 95   0     0.0000     0.6645     0.6645     0.0000     0.0000     0.0000
 96   0     0.0000    -1.3290    -1.3290     0.0000     0.0000     0.0000
 97   0     0.0000     0.6645     0.6645     0.0000     0.0000     0.0000
 98   0     0.0000     0.6645     0.6645     0.0000     0.0000     0.0000
 99   0     0.0000    -1.3290    -1.3290     0.0000     0.0000     0.0000
100   0     0.0000     0.6645     0.6645     0.0000     0.0000     0.0000
101   0     0.0000     0.6645     0.6645     0.0000     0.0000     0.0000
102   0     0.0000    -1.3290    -1.3290     0.0000     0.0000     0.0000
103   0     0.0000     0.6645     0.6645     0.0000     0.0000     0.0000
104   0     0.0000     0.6645     0.6645     0.0000     0.0000     0.0000
105   0     0.0000    -1.3290    -1.3290     0.0000     0.0000     0.0000
106   0     0.0000     0.6645     0.6645     0.0000     0.0000     0.0000
107   0     0.0000     0.6645     0.6645     0.0000     0.0000     0.0000
108   0     0.0000    -1.3290    -1.3290     0.0000     0.0000     0.0000
109   0     0.0000     0.6645     0.6645     0.0000     0.0000     0.0000
110   0     0.0000     0.6645     0.6645     0.0000     0.0000     0.0000
111   0     0.0000    -1.3290    -1.3290     0.0000     0.0000     0.0000
112   0     0.0000     0.6645     0.6645     0.0000     0.0000     0.0000
113   0     0.0000     0.6645     0.6645     0.0000     0.0000     0.0000
114   0     0.0000    -1.3290    -1.3290     0.0000     0.0000     0.0000
115   0     0.0000     0.6645     0.6645     0.0000     0.0000     0.0000
116   0     0.0000     0.6645     0.6645     0.0000     0.0000     0.0000
117   0     0.0000    -1.3290    -1.3290     0.0000     0.0000     0.0000
118   0     0.0000     0.6645     0.6645     0.0000     0.0000     0.0000
119   0     0.0000     0.6645     0.6645     0.0000     0.0000     0.0000
120   0     0.0000    -1.3290    -1.3290     0.0000     0.0000     0.0000
121   0     0.0000     0.6645     0.6645     0.0000     0.0000     0.0000
122   0     0.0000     0.6645     0.6645     0.0000     0.0000     0.0000
123   0     0.0000    -1.3290    -1.3290     0.0000     0.0000     0.0000
124   0     0.0000     0.6645     0.6645     0.0000     0.0000     0.0000
125   0     0.0000     0.6645     0.6645     0.0000     0.0000     0.0000
126   0     0.0000    -1.3290    -1.3290     0.0000     0.0000     0.0000
127   0     0.0000     0.6645     0.6645     0.0000     0.0000     0.0000
128   0     0.0000     0.6645     0.6645     0.0000     0.0000     0.0000
129   0     0.0000    -1.3290    -1.3290     0.0000     0.0000     0.0000
130   0     0.0000     0.6645     0.6645     0.0000     0.0000     0.0000
131   0     0.0000     0.6645     0.6645     0.0000     0.0000     0.0000
132   0     0.0000    -1.3290    -1.3290     0.0000     0.0000     0.0000
133   0     0.0000     0.6645     0.6645     0.0000     0.0000     0.0000
134   0     0.0000     0.6645     0.6645     0.0000     0.0000     0.0000
135   0     0.0000    -1.3290    -1.3290     0.0000     0.0000     0.0000
136   0     0.0000     0.6645     0.6645     0.0000     0.0000     0.0000
137   0     0.0000     0.6645     0.6645     0.0000     0.0000     0.0000
138   0     0.0000    -1.3290    -1.3290     0.0000     0.0000     0.0000
139   0     0.0000     0.6645     0.6645     0.0000     0.0000     0.0000
140   0     0.0000     0.6645     0.6645     0.0000     0.0000     0.0000
141   0     0.0000    -1.3290    -1.3290     0.0000     0.0000     0.0000
142   0     0.0000     0.6645     0.6645     0.0000     0.0000     0.0000
143   0     0.0000     0.6645     0.6645     0.0000     0.0000     0.0000
144   0     0.0000    -1.3290    -1.3290     0.0000     0.0000     0.0000
145   0     0.0000     0.6645     0.6645     0.0000     0.0000     0.0000
146   0     0.0000     0.6645     0.6645     0.0000     0.0000     0.0000
147   0     0.0000    -1.3290    -1.3290     0.0000     0.0000     0.0000
148   0     0.0000     0.6645     0.6645     0.0000     0.0000     0.0000
149   0     0.0000     0.6645     0.6645     0.0000     0.0000     0.0000
150   0     0.0000    -1.3290    -1.3290     0.0000     0.0000     0.0000
151   0     0.0000     0.6645     0.6645     0.0000     0.0000     0.0000
152   0     0.0000     0.6645     0.6645     0.0000     0.0000     0.0000
153   0     0.0000    -1.3290    -1.3290     0.0000     0.0000     0.0000
154   0     0.0000     0.6645     0.6645     0.0000     0.0000     0.0000
155   0     0.0000     0.6645     0.6645     0.0000     0.0000     0.0000
156   0     0.0000    -1.3290    -1.3290     0.0000     0.0000     0.0000
157   0     0.0000     0.6645     0.6645     0.0000     0.0000     0.0000
158   0     0.0000     0.6645     0.6645     0.0000     0.0000     0.0000
159   0     0.0000    -1.3290    -1.3290     0.0000     0.0000     0.0000
160   0     0.0000     0.6645     0.6645     0.0000     0.0000     0.0000
161   0     0.0000     0.6645     0.6645     0.0000     0.0000     0.0000
162   0     0.0000    -1.3290    -1.3290     0.0000     0.0000     0.0000
163   0     0.0000     0.6645     0.6645     0.0000     0.0000     0.0000
164   0     0.0000     0.6645     0.6645     0.0000     0.0000     0.0000
165   0     0.0000    -1.3290    -1.3290     0.0000     0.0000     0.0000
166   0     0.0000     0.6645     0.6645     0.0000     0.0000     0.0000
167   0     0.0000     0.6645     0.6645     0.0000     0.0000     0.0000
168   0     0.0000    -1.3290    -1.3290     0.0000     0.0000     0.0000
169   0     0.0000     0.6645     0.6645     0.0000     0.0000     0.0000
170   0     0.0000     0.6645     0.6645     0.0000     0.0000     0.0000
171   0     0.0000    -1.3290    -1.3290     0.0000     0.0000     0.0000
172   0     0.0000     0.6645     0.6645     0.0000     0.0000     0.0000
173   0     0.0000     0.6645     0.6645     0.0000     0.0000     0.0000
174   0     0.0000    -1.3290    -1.3290     0.0000     0.0000     0.0000
175   0     0.0000     0.6645     0.6645     0.0000     0.0000     0.0000
176   0     0.0000     0.6645     0.6645     0.0000     0.0000     0.0000
177   0     0.0000    -1.3290    -1.3290     0.0000     0.0000     0.0000
178   0     0.0000     0.6645     0.6645     0.0000     0.0000     0.0000
179   0     0.0000     0.6645     0.6645     0.0000     0.0000     0.0000
180   0     0.0000    -1.3290    -1.3290     0.0000     0.0000     0.0000
181   0     0.0000     0.6645     0.6645     0.0000     0.0000     0.0000
182   0     0.0000     0.6645     0.6645     0.0000     0.0000     0.0000
183   0     0.0000    -1.3290    -1.3290     0.0000     0.0000     0.0000
184   0     0.0000     0.6645     0.6645     0.0000     0.0000     0.0000
185   0     0.0000     0.6645     0.6645     0.0000     0.0000     0.0000
186   0     0.0000    -1.3290    -1.3290     0.0000     0.0000     0.0000
187   0     0.0000     0.6645     0.6645     0.0000     0.0000     0.0000
188   0     0.0000     0.6645     0.6645     0.0000     0.0000     0.0000
189   0     0.0000    -1.3290    -1.3290     0.0000     0.0000     0.0000
190   0     0.0000     0.6645     0.6645     0.0000     0.0000     0.0000
191   0     0.0000     0.6645     0.6645     0.0000     0.0000     0.0000
192   0     0.0000    -1.3290    -1.3290     0.0000     0.0000     0.0000
193   0     0.0000     0.6645     0.6645     0.0000     0.0000     0.0000
194   0     0.0000     0.6645     0.6645     0.0000     0.0000     0.0000
195   0     0.0000    -1.3290    -1.3290     0.0000     0.0000     0.0000
196   0     0.0000     0.6645     0.6645     0.0000     0.0000     0.0000
197   0     0.0000     0.6645     0.6645     0.0000     0.0000     0.0000
198   0     0.0000    -1.3290    -1.3290     0.0000     0.0000     0.0000
199   0     0.0000     0.6645     0.6645     0.0000     0.0000     0.0000
200   0     0.0000     0.6645     0.6645     0.0000     0.0000     0.0000
201   0     0.0000    -1.3290    -1.3290     0.0000     0.0000     0.0000
202   0     0.0000     0.6645     0.6645     0.0000     0.0000     0.0000
203   0     0.0000     0.6645     0.6645     0.0000     0.0000     0.0000
204   0     0.0000    -1.3290    -1.3290     0.0000     0.0000     0.0000
205   0     0.0000     0.6645     0.6645     0.0000     0.0000     0.0000
206   0     0.0000     0.6645     0.6645     0.0000     0.0000     0.0000
207   0     0.0000    -1.3290    -1.3290     0.0000     0.0000     0.0000
208   0     0.0000     0.6645     0.6645     0.0000     0.0000     0.0000
209   0     0.0000     0.6645     0.6645     0.0000     0.0000     0.0000
210   0     0.0000    -1.3290    -1.3290     0.0000     0.0000     0.0000
211   0     0.0000     0.6645     0.6645     0.0000     0.0000     0.0000
212   0     0.0000     0.6645     0.6645     0.0000     0.0000     0.0000
213   0     0.0000    -1.3290    -1.3290     0.0000     0.0000     0.0000
214   0     0.0000     0.6645     0.6645     0.0000     0.0000     0.0000
215   0     0.0000     0.6645     0.6645     0.0000     0.0000     0.0000
216   0     0.0000    -1.3290    -1.3290     0.0000     0.0000     0.0000
217   0     0.0000     0.6645     0.6645     0.0000     0.0000     0.0000
218   0     0.0000     0.6645     0.6645     0.0000     0.0000     0.0000
219   0     0.0000    -1.3290    -1.3290     0.0000     0.0000     0.0000
220   0     0.0000     0.6645     0.6645     0.0000     0.0000     0.0000
221   0     0.0000     0.6645     0.6645     0.0000     0.0000     0.0000
222   0     0.0000    -1.3290    -1.3290     0.0000     0.0000     0.0000
223   0     0.0000     0.6645     0.6645     0.0000     0.0000     0.0000
224   0     0.0000     0.6645     0.6645     0.0000     0.0000     0.0000
225   0     0.0000    -1.3290    -1.3290     0.0000     0.0000     0.0000
226   0     0.0000     0.6645     0.6645     0.0000     0.0000     0.0000
227   0     0.0000     0.6645     0.6645     0.0000     0.0000     0.0000
228   0     0.0000    -1.3290    -1.3290     0.0000     0.0000     0.0000
229   0     0.0000     0.6645     0.6645     0.0000     0.0000     0.0000
230   0     0.0000     0.6645     0.6645     0.0000     0.0000     0.0000
231   0     0.0000    -1.3290    -1.3290     0.0000     0.0000     0.0000
232   0     0.0000     0.6645     0.6645     0.0000     0.0000     0.0000
233   0     0.0000     0.6645     0.6645     0.0000     0.0000     0.0000
234   0     0.0000    -1.3290    -1.3290     0.0000     0.0000     0.0000
235   0     0.0000     0.6645     0.6645     0.0000     0.0000     0.0000
236   0     0.0000     0.6645     0.6645     0.0000     0.0000     0.0000
237   0     0.0000    -1.3290    -1.3290     0.0000     0.0000     0.0000
238   0     0.0000     0.6645     0.6645     0.0000     0.0000     0.0000
239   0     0.0000     0.6645     0.6645     0.0000     0.0000     0.0000
240   0     0.0000    -1.3290    -1.3290     0.0000     0.0000     0.0000
241   0     0.0000     0.6645     0.6645     0.0000     0.0000     0.0000
242   0     0.0000     0.6645     0.6645     0.0000     0.0000     0.0000
243   0     0.0000    -1.3290    -1.3290     0.0000     0.0000     0.0000
244   0     0.0000     0.6645     0.6645     0.0000     0.0000     0.0000
245   0     0.0000     0.6645     0.6645     0.0000     0.0000     0.0000
246   0     0.0000    -1.3290    -1.3290     0.0000     0.0000     0.0000
247   0     0.0000     0.6645     0.6645     0.0000     0.0000     0.0000
248   0     0.0000     0.6645     0.6645     0.0000     0.0000     0.0000
249   0     0.0000    -1.3290    -1.3290     0.0000     0.0000     0.0000
250   0     0.0000     0.6645     0.6645     0.0000     0.0000     0.0000
251   0     0.0000     0.6645     0.6645     0.0000     0.0000     0.0000
252   0     0.0000    -1.3290    -1.3290     0.0000     0.0000     0.0000
253   0     0.0000     0.6645     0.6645     0.0000     0.0000     0.0000
254   0     0.0000     0.6645     0.6645     0.0000     0.0000     0.0000
255   0     0.0000    -1.3290    -1.3290     0.0000     0.0000     0.0000
256   0     0.0000     0.6645     0.6645     0.0000     0.0000     0.0000
257   0     0.0000     0.6645     0.6645     0.0000     0.0000     0.0000
258   0     0.0000    -1.3290    -1.3290     0.0000     0.0000     0.0000
259   0     0.0000     0.6645     0.6645     0.0000     0.0000     0.0000
260   0     0.0000     0.6645     0.6645     0.0000     0.0000     0.0000
261   0     0.0000    -1.3290    -1.3290     0.0000     0.0000     0.0000
262   0     0.0000     0.6645     0.6645     0.0000     0.0000     0.0000
263   0     0.0000     0.6645     0.6645     0.0000     0.0000     0.0000
264   0     0.0000    -1.3290    -1.3290     0.0000     0.0000     0.0000
265   0     0.0000     0.6645     0.6645     0.0000     0.0000     0.0000
266   0     0.0000     0.6645     0.6645     0.0000     0.0000     0.0000
267   0     0.0000    -1.3290    -1.3290     0.0000     0.0000     0.0000
268   0     0.0000     0.6645     0.6645     0.0000     0.0000     0.0000
269   0     0.0000     0.6645     0.6645     0.0000     0.0000     0.0000
270   0     0.0000    -1.3290    -1.3290     0.0000     0.0000     0.0000
271   0     0.0000     0.6645     0.6645     0.0000     0.0000     0.0000
272   0     0.0000     0.6645     0.6645     0.0000     0.0000     0.0000
273   0     0.0000    -1.3290    -1.3290     0.0000     0.0000     0.0000
274   0     0.0000     0.6645     0.6645     0.0000     0.0000     0.0000
275   0     0.0000     0.6645     0.6645     0.0000     0.0000     0.0000
276   0     0.0000    -1.3290    -1.3290     0.0000     0.0000     0.0000
277   0     0.0000     0.6645     0.6645     0.0000     0.0000     0.0000
278   0     0.0000     0.6645     0.6645     0.0000     0.0000     0.0000
279   0     0.0000    -1.3290    -1.3290     0.0000     0.0000     0.0000
280   0     0.0000     0.6645     0.6645     0.0000     0.0000     0.0000
281   0     0.0000     0.6645     0.6645     0.0000     0.0000     0.0000
282   0     0.0000    -1.3290    -1.3290     0.0000     0.0000     0.0000
283   0     0.0000     0.6645     0.6645     0.0000     0.0000     0.0000
284   0     0.0000     0.6645     0.6645     0.0000     0.0000     0.0000
285   0     0.0000    -1.3290    -1.3290     0.0000     0.0000     0.0000
286   0     0.0000     0.6645     0.6645     0.0000     0.0000     0.0000
287   0     0.0000     0.6645     0.6645     0.0000     0.0000     0.0000
288   0     0.0000    -1.3290    -1.3290     0.0000     0.0000     0.0000
289   0     0.0000     0.6645     0.6645     0.0000     0.0000     0.0000
290   0     0.0000     0.6645     0.6645     0.0000     0.0000     0.0000
291   0     0.0000    -1.3290    -1.3290     0.0000     0.0000     0.0000
292   0     0.0000     0.6645     0.6645     0.0000     0.0000     0.0000
293   0     0.0000     0.6645     0.6645     0.0000     0.0000     0.0000
294   0     0.0000    -1.3290    -1.3290     0.0000     0.0000     0.0000
295   0     0.0000     0.6645     0.6645     0.0000     0.0000     0.0000
296   0     0.0000     0.6645     0.6645     0.0000     0.0000     0.0000
297   0     0.0000    -1.3290    -1.3290     0.0000     0.0000     0.0000
298   0     0.0000     0.6645     0.6645     0.0000     0.0000     0.0000
299   0     0.0000     0.6645     0.6645     0.0000     0.0000     0.0000
300   0     0.0000    -1.3290    -1.3290     0.0000     0.0000     0.0000
301   0     0.0000     0.6645     0.6645     0.0000     0.0000     0.0000
302   0     0.0000     0.6645     0.6645     0.0000     0.0000     0.0000
303   0     0.0000    -1.3290    -1.3290     0.0000     0.0000     0.0000
304   0     0.0000     0.6645     0.6645     0.0000     0.0000     0.0000
305   0     0.0000     0.6645     0.6645     0.0000     0.0000     0.0000
306   0     0.0000    -1.3290    -1.3290     0.0000     0.0000     0.0000
307   0     0.0000     0.6645     0.6645     0.0000     0.0000     0.0000
308   0     0.0000     0.6645     0.6645     0.0000     0.0000     0.0000
309   0     0.0000    -1.3290    -1.3290     0.0000     0.0000     0.0000
310   0     0.0000     0.6645     0.6645     0.0000     0.0000     0.0000
311   0     0.0000     0.6645     0.6645     0.0000     0.0000     0.0000
312   0     0.0000    -1.3290    -1.3290     0.0000     0.0000     0.0000
313   0     0.0000     0.6645     0.6645     0.0000     0.0000     0.0000
314   0     0.0000     0.6645     0.6645     0.0000     0.0000     0.0000
315   0     0.0000    -1.3290    -1.3290     0.0000     0.0000     0.0000
316   0     0.0000     0.6645     0.6645     0.0000     0.0000     0.0000
317   0     0.0000     0.6645     0.6645     0.0000     0.0000     0.0000
318   0     0.0000    -1.3290    -1.3290     0.0000     0.0000     0.0000
319   0     0.0000     0.6645     0.6645     0.0000     0.0000     0.0000
320   0     0.0000     0.6645     0.6645     0.0000     0.0000     0.0000
321   0     0.0000    -1.3290    -1.3290     0.0000     0.0000     0.0000
322   0     0.0000     0.6645     0.6645     0.0000     0.0000     0.0000
323   0     0.0000     0.6645     0.6645     0.0000     0.0000     0.0000
324   0     0.0000    -1.3290    -1.3290     0.0000     0.0000     0.0000
325   0     0.0000     0.6645     0.6645     0.0000     0.0000     0.0000
326   0     0.0000     0.6645     0.6645     0.0000     0.0000     0.0000
327   0     0.0000    -1.3290    -1.3290     0.0000     0.0000     0.0000
328   0     0.0000     0.6645     0.6645     0.0000     0.0000     0.0000
329   0     0.0000     0.6645     0.6645     0.0000     0.0000     0.0000
330   0     0.0000    -1.3290    -1.3290     0.0000     0.0000     0.0000
331   0     0.0000     0.6645     0.6645     0.0000     0.0000     0.0000
332   0     0.0000     0.6645     0.6645     0.0000     0.0000     0.0000
333   0     0.0000    -1.3290    -1.3290     0.0000     0.0000     0.0000
334   0     0.0000     0.6645     0.6645     0.0000     0.0000     0.0000
335   0     0.0000     0.6645     0.6645     0.0000     0.0000     0.0000
336   0     0.0000    -1.3290    -1.3290     0.0000     0.0000     0.0000
337   0     0.0000     0.6645     0.6645     0.0000     0.0000     0.0000
338   0     0.0000     0.6645     0.6645     0.0000     0.0000     0.0000
339   0     0.0000    -1.3290    -1.3290     0.0000     0.0000     0.0000
340   0     0.0000     0.6645     0.6645     0.0000     0.0000     0.0000
341   0     0.0000     0.6645     0.6645     0.0000     0.0000     0.0000
342   0     0.0000    -1.3290    -1.3290     0.0000     0.0000     0.0000
343   0     0.0000     0.6645     0.6645     0.0000     0.0000     0.0000
344   0     0.0000     0.6645     0.6645     0.0000     0.0000     0.0000
345   0     0.0000    -1.3290    -1.3290     0.0000     0.0000     0.0000
346   0     0.0000     0.6645     0.6645     0.0000     0.0000     0.0000
347   0     0.0000     0.6645     0.6645     0.0000     0.0000     0.0000
348   0     0.0000    -1.3290    -1.3290     0.0000     0.0000     0.0000
349   0     0.0000     0.6645     0.6645     0.0000     0.0000     0.0000
350   0     0.0000     0.6645     0.6645     0.0000     0.0000     0.0000
351   0     0.0000    -1.3290    -1.3290     0.0000     0.0000     0.0000
352   0     0.0000     0.6645     0.6645     0.0000     0.0000     0.0000
353   0     0.0000     0.6645     0.6645     0.0000     0.0000     0.0000
354   0     0.0000    -1.3290    -1.3290     0.0000     0.0000     0.0000
355   0     0.0000     0.6645     0.6645     0.0000     0.0000     0.0000
356   0     0.0000     0.6645     0.6645     0.0000     0.0000     0.0000
357   0     0.0000    -1.3290    -1.3290     0.0000     0.0000     0.0000
358   0     0.0000     0.6645     0.6645     0.0000     0.0000     0.0000
359   0     0.0000     0.6645     0.6645     0.0000     0.0000     0.0000
360   0     0.0000    -1.3290    -1.3290     0.0000     0.0000     0.0000
361   0     0.0000     0.6645     0.6645     0.0000     0.0000     0.0000
362   0     0.0000     0.6645     0.6645     0.0000     0.0000     0.0000
363   0     0.0000    -1.3290    -1.3290     0.0000     0.0000     0.0000
364   0     0.0000     0.6645     0.6645     0.0000     0.0000     0.0000
365   0     0.0000     0.6645     0.6645     0.0000     0.0000     0.0000
366   0     0.0000    -1.3290    -1.3290     0.0000     0.0000     0.0000
367   0     0.0000     0.6645     0.6645     0.0000     0.0000     0.0000
368   0     0.0000     0.6645     0.6645     0.0000     0.0000     0.0000
369   0     0.0000    -1.3290    -1.3290     0.0000     0.0000     0.0000
370   0     0.0000     0.6645     0.6645     0.0000     0.0000     0.0000
371   0     0.0000     0.6645     0.6645     0.0000     0.0000     0.0000
372   0     0.0000    -1.3290    -1.3290     0.0000     0.0000     0.0000
373   0     0.0000     0.6645     0.6645     0.0000     0.0000     0.0000
374   0     0.0000     0.6645     0.6645     0.0000     0.0000     0.0000
375   0     0.0000    -1.3290    -1.3290     0.0000     0.0000     0.0000
376   0     0.0000     0.6645     0.6645     0.0000     0.0000     0.0000
377   0     0.0000     0.6645     0.6645     0.0000     0.0000     0.0000
378   0     0.0000    -1.3290    -1.3290     0.0000     0.0000     0.0000
379   0     0.0000     0.6645     0.6645     0.0000     0.0000     0.0000
380   0     0.0000     0.6645     0.6645     0.0000     0.0000     0.0000
381   0     0.0000    -1.3290    -1.3290     0.0000     0.0000     0.0000
382   0     0.0000     0.6645     0.6645     0.0000     0.0000     0.0000
383   0     0.0000     0.6645     0.6645     0.0000     0.0000     0.0000
384   0     0.0000    -1.3290    -1.3290     0.0000     0.0000     0.0000
385   0     0.0000     0.6645     0.6645     0.0000     0.0000     0.0000
386   0     0.0000     0.6645     0.6645     0.0000     0.0000     0.0000
387   0     0.0000    -1.3290    -1.3290     0.0000     0.0000     0.0000
388   0     0.0000     0.6645     0.6645     0.0000     0.0000     0.0000
389   0     0.0000     0.6645     0.6645     0.0000     0.0000     0.0000
390   0     0.0000    -1.3290    -1.3290     0.0000     0.0000     0.0000
391   0     0.0000     0.6645     0.6645     0.0000     0.0000     0.0000
392   0     0.0000     0.6645     0.6645     0.0000     0.0000     0.0000
393   0     0.0000    -1.3290    -1.3290     0.0000     0.0000     0.0000
394   0     0.0000     0.6645     0.6645     0.0000     0.0000     0.0000
395   0     0.0000     0.6645     0.6645     0.0000     0.0000     0.0000
396   0     0.0000    -1.3290    -1.3290     0.0000     0.0000     0.0000
397   0     0.0000     0.6645     0.6645     0.0000     0.0000     0.0000
398   0     0.0000     0.6645     0.6645     0.0000     0.0000     0.0000
399   0     0.0000    -1.3290    -1.3290     0.0000     0.0000     0.0000
400   0     0.0000     0.6645     0.6645     0.0000     0.0000     0.0000
401   0     0.0000     0.6645     0.6645     0.0000     0.0000     0.0000
402   0     0.0000    -1.3290    -1.3290     0.0000     0.0000     0.0000
403   0     0.0000     0.6645     0.6645     0.0000     0.0000     0.0000
404   0     0.0000     0.6645     0.6645     0.0000     0.0000     0.0000
405   0     0.0000    -1.3290    -1.3290     0.0000     0.0000     0.0000
406   0     0.0000     0.6645     0.6645     0.0000     0.0000     0.0000
407   0     0.0000     0.6645     0.6645     0.0000     0.0000     0.0000
408   0     0.0000    -1.3290    -1.3290     0.0000     0.0000     0.0000
409   0     0.0000     0.6645     0.6645     0.0000     0.0000     0.0000
410   0     0.0000     0.6645     0.6645     0.0000     0.0000     0.0000
411   0     0.0000    -1.3290    -1.3290     0.0000     0.0000     0.0000
412   0     0.0000     0.6645     0.6645     0.0000     0.0000     0.0000
413   0     0.0000     0.6645     0.6645     0.0000     0.0000     0.0000
414   0     0.0000    -1.3290    -1.3290     0.0000     0.0000     0.0000
415   0     0.0000     0.6645     0.6645     0.0000     0.0000     0.0000
416   0     0.0000     0.6645     0.6645     0.0000     0.0000     0.0000
417   0     0.0000    -1.3290    -1.3290     0.0000     0.0000     0.0000
418   0     0.0000     0.6645     0.6645     0.0000     0.0000     0.0000
419   0     0.0000     0.6645     0.6645     0.0000     0.0000     0.0000
420   0     0.0000    -1.3290    -1.3290     0.0000     0.0000     0.0000
421   0     0.0000     0.6645     0.6645     0.0000     0.0000     0.0000
422   0     0.0000     0.6645     0.6645     0.0000     0.0000     0.0000
423   0     0.0000    -1.3290    -1.3290     0.0000     0.0000     0.0000
424   0     0.0000     0.6645     0.6645     0.0000     0.0000     0.0000
425   0     0.0000     0.6645     0.6645     0.0000     0.0000     0.0000
426   0     0.0000    -1.3290    -1.3290     0.0000     0.0000     0.0000
427   0     0.0000     0.6645     0.6645     0.0000     0.0000     0.0000
428   0     0.0000     0.6645     0.6645     0.0000     0.0000     0.0000
429   0     0.0000    -1.3290    -1.3290     0.0000     0.0000     0.0000
430   0     0.0000     0.6645     0.6645     0.0000     0.0000     0.0000
431   0     0.0000     0.6645     0.6645     0.0000     0.0000     0.0000
432   0     0.0000    -1.3290    -1.3290     0.0000     0.0000     0.0000
433   0     0.0000     0.6645     0.6645     0.0000     0.0000     0.0000
434   0     0.0000     0.6645     0.6645     0.0000     0.0000     0.0000
435   0     0.0000    -1.3290    -1.3290     0.0000     0.0000     0.0000
436   0     0.0000     0.6645     0.6645     0.0000     0.0000     0.0000
437   0     0.0000     0.6645     0.6645     0.0000     0.0000     0.0000
438   0     0.0000    -1.3290    -1.3290     0.0000     0.0000     0.0000
439   0     0.0000     0.6645     0.6645     0.0000     0.0000     0.0000
440   0     0.0000     0.6645     0.6645     0.0000     0.0000     0.0000
441   0     0.0000    -1.3290    -1.3290     0.0000     0.0000     0.0000
442   0     0.0000     0.6645     0.6645     0.0000     0.0000     0.0000
443   0     0.0000     0.6645     0.6645     0.0000     0.0000     0.0000
444   0     0.0000    -1.3290    -1.3290     0.0000     0.0000     0.0000
445   0     0.0000     0.6645     0.6645     0.0000     0.0000     0.0000
446   0     0.0000     0.6645     0.6645     0.0000     0.0000     0.0000
447   0     0.0000    -1.3290    -1.3290     0.0000     0.0000     0.0000
448   0     0.0000     0.6645     0.6645     0.0000     0.0000     0.0000
449   0     0.0000     0.6645     0.6645     0.0000     0.0000     0.0000
450   0     0.0000    -1.3290    -1.3290     0.0000     0.0000     0.0000
451   0     0.0000     0.6645     0.6645     0.0000     0.0000     0.0000
452   0     0.0000     0.6645     0.6645     0.0000     0.0000     0.0000
453   0     0.0000    -1.3290    -1.3290     0.0000     0.0000     0.0000
454   0     0.0000     0.6645     0.6645     0.0000     0.0000     0.0000
455   0     0.0000     0.6645     0.6645     0.0000     0.0000     0.0000
456   0     0.0000    -1.3290    -1.3290     0.0000     0.0000     0.0000
457   0     0.0000     0.6645     0.6645     0.0000     0.0000     0.0000
458   0     0.0000     0.6645     0.6645     0.0000     0.0000     0.0000
459   0     0.0000    -1.3290    -1.3290     0.0000     0.0000     0.0000
460   0     0.0000     0.6645     0.6645     0.0000     0.0000     0.0000
461   0     0.0000     0.6645     0.6645     0.0000     0.0000     0.0000
462   0     0.0000    -1.3290    -1.3290     0.0000     0.0000     0.0000
463   0     0.0000     0.6645     0.6645     0.0000     0.0000     0.0000
464   0     0.0000     0.6645     0.6645     0.0000     0.0000     0.0000
465   0     0.0000    -1.3290    -1.3290     0.0000     0.0000     0.0000
466   0     0.0000     0.6645     0.6645     0.0000     0.0000     0.0000
467   0     0.0000     0.6645     0.6645     0.0000     0.0000     0.0000
468   0     0.0000    -1.3290    -1.3290     0.0000     0.0000     0.0000
469   0     0.0000     0.6645     0.6645     0.0000     0.0000     0.0000
470   0     0.0000     0.6645     0.6645     0.0000     0.0000     0.0000
471   0     0.0000    -1.3290    -1.3290     0.0000     0.0000     0.0000
472   0     0.0000     0.6645     0.6645     0.0000     0.0000     0.0000
473   0     0.0000     0.6645     0.6645     0.0000     0.0000     0.0000
474   0     0.0000    -1.3290    -1.3290     0.0000     0.0000     0.0000
475   0     0.0000     0.6645     0.6645     0.0000     0.0000     0.0000
476   0     0.0000     0.6645     0.6645     0.0000     0.0000     0.0000
477   0     0.0000    -1.3290    -1.3290     0.0000     0.0000     0.0000
478   0     0.0000     0.6645     0.6645     0.0000     0.0000     0.0000
479   0     0.0000     0.6645     0.6645     0.0000     0.0000     0.0000
480   0     0.0000    -1.3290    -1.3290     0.0000     0.0000     0.0000
481   0     0.0000     0.6645     0.6645     0.0000     0.0000     0.0000
482   0     0.0000     0.6645     0.6645     0.0000     0.0000     0.0000
483   0     0.0000    -1.3290    -1.3290     0.0000     0.0000     0.0000
484   0     0.0000     0.6645     0.6645     0.0000     0.0000     0.0000
485   0     0.0000     0.6645     0.6645     0.0000     0.0000     0.0000
486   0     0.0000    -1.3290    -1.3290     0.0000     0.0000     0.0000
487   0     0.0000     0.6645     0.6645     0.0000     0.0000     0.0000
488   0     0.0000     0.6645     0.6645     0.0000     0.0000     0.0000
489   0     0.0000    -1.3290    -1.3290     0.0000     0.0000     0.0000
490   0     0.0000     0.6645     0.6645     0.0000     0.0000     0.0000
491   0     0.0000     0.6645     0.6645     0.0000     0.0000     0.0000
492   0     0.0000    -1.3290    -1.3290     0.0000     0.0000     0.0000
493   0     0.0000     0.6645     0.6645     0.0000     0.0000     0.0000
494   0     0.0000     0.6645     0.6645     0.0000     0.0000     0.0000
495   0     0.0000    -1.3290    -1.3290     0.0000     0.0000     0.0000
496   0     0.0000     0.6645     0.6645     0.0000     0.0000     0.0000
497   0     0.0000     0.6645     0.6645     0.0000     0.0000     0.0000
498   0     0.0000    -1.3290    -1.3290     0.0000     0.0000     0.0000
499   0     0.0000     0.6645     0.6645     0.0000     0.0000     0.0000
500   0     0.0000     0.6645     0.6645     0.0000     0.0000     0.0000
501   0     0.0000    -1.3290    -1.3290     0.0000     0.0000     0.0000
502   0     0.0000     0.6645     0.6645     0.0000     0.0000     0.0000
503   0     0.0000     0.6645     0.6645     0.0000     0.0000     0.0000
504   0     0.0000    -1.3290    -1.3290     0.0000     0.0000     0.0000
505   0     0.0000     0.6645     0.6645     0.0000     0.0000     0.0000
506   0     0.0000     0.6645     0.6645     0.0000     0.0000     0.0000
507   0     0.0000    -1.3290    -1.3290     0.0000     0.0000     0.0000
508   0     0.0000     0.6645     0.6645     0.0000     0.0000     0.0000
509   0     0.0000     0.6645     0.6645     0.0000     0.0000     0.0000
510   0     0.0000    -1.3290    -1.3290     0.0000     0.0000     0.0000
511   0     0.0000     0.6645     0.6645     0.0000     0.0000     0.0000
512   0     0.0000     0.6645     0.6645     0.0000     0.0000     0.0000
513   0     0.0000    -1.3290    -1.3290     0.0000     0.0000     0.0000
514   0     0.0000     0.6645     0.6645     0.0000     0.0000     0.0000
515   0     0.0000     0.6645     0.6645     0.0000     0.0000     0.0000
516   0     0.0000    -1.3290    -1.3290     0.0000     0.0000     0.0000
517   0     0.0000     0.6645     0.6645     0.0000     0.0000     0.0000
518   0     0.0000     0.6645     0.6645     0.0000     0.0000     0.0000
519   0     0.0000    -1.3290    -1.3290     0.0000     0.0000     0.0000
520   0     0.0000     0.6645     0.6645     0.0000     0.0000     0.0000
521   0     0.0000     0.6645     0.6645     0.0000     0.0000     0.0000
522   0     0.0000    -1.3290    -1.3290     0.0000     0.0000     0.0000
523   0     0.0000     0.6645     0.6645     0.0000     0.0000     0.0000
524   0     0.0000     0.6645     0.6645     0.0000     0.0000     0.0000
525   0     0.0000    -1.3290    -1.3290     0.0000     0.0000     0.0000
526   0     0.0000     0.6645     0.6645     0.0000     0.0000     0.0000
527   0     0.0000     0.6645     0.6645     0.0000     0.0000     0.0000
528   0     0.0000    -1.3290    -1.3290     0.0000     0.0000     0.0000
529   0     0.0000     0.6645     0.6645     0.0000     0.0000     0.0000
530   0     0.0000     0.6645     0.6645     0.0000     0.0000     0.0000
531   0     0.0000    -1.3290    -1.3290     0.0000     0.0000     0.0000
532   0     0.0000     0.6645     0.6645     0.0000     0.0000     0.0000
533   0     0.0000     0.6645     0.6645     0.0000     0.0000     0.0000
534   0     0.0000    -1.3290    -1.3290     0.0000     0.0000     0.0000
535   0     0.0000     0.6645     0.6645     0.0000     0.0000     0.0000
536   0     0.0000     0.6645     0.6645     0.0000     0.0000     0.0000
537   0     0.0000    -1.3290    -1.3290     0.0000     0.0000     0.0000
538   0     0.0000     0.6645     0.6645     0.0000     0.0000     0.0000
539   0     0.0000     0.6645     0.6645     0.0000     0.0000     0.0000
540   0     0.0000    -1.3290    -1.3290     0.0000     0.0000     0.0000
541   0     0.0000     0.6645     0.6645     0.0000     0.0000     0.0000
542   0     0.0000     0.6645     0.6645     0.0000     0.0000     0.0000
543   0     0.0000    -1.3290    -1.3290     0.0000     0.0000     0.0000
544   0     0.0000     0.6645     0.6645     0.0000     0.0000     0.0000
545   0     0.0000     0.6645     0.6645     0.0000     0.0000     0.0000
546   0     0.0000    -1.3290    -1.3290     0.0000     0.0000     0.0000
547   0     0.0000     0.6645     0.6645     0.0000     0.0000     0.0000
548   0     0.0000     0.6645     0.6645     0.0000     0.0000     0.0000
549   0     0.0000    -1.3290    -1.3290     0.0000     0.0000     0.0000
550   0     0.0000     0.6645     0.6645     0.0000     0.0000     0.0000
551   0     0.0000     0.6645     0.6645     0.0000     0.0000     0.0000
552   0     0.0000    -1.3290    -1.3290     0.0000     0.0000     0.0000
553   0     0.0000     0.6645     0.6645     0.0000     0.0000     0.0000
554   0     0.0000     0.6645     0.6645     0.0000     0.0000     0.0000
555   0     0.0000    -1.3290    -1.3290     0.0000     0.0000     0.0000
556   0     0.0000     0.6645     0.6645     0.0000     0.0000     0.0000
557   0     0.0000     0.6645     0.6645     0.0000     0.0000     0.0000
558   0     0.0000    -1.3290    -1.3290     0.0000     0.0000     0.0000
559   0     0.0000     0.6645     0.6645     0.0000     0.0000     0.0000
560   0     0.0000     0.6645     0.6645     0.0000     0.0000     0.0000
561   0     0.0000    -1.3290    -1.3290     0.0000     0.0000     0.0000
562   0     0.0000     0.6645     0.6645     0.0000     0.0000     0.0000
563   0     0.0000     0.6645     0.6645     0.0000     0.0000     0.0000
564   0     0.0000    -1.3290    -1.3290     0.0000     0.0000     0.0000
565   0     0.0000     0.6645     0.6645     0.0000     0.0000     0.0000
566   0     0.0000     0.6645     0.6645     0.0000     0.0000     0.0000
567   0     0.0000    -1.3290    -1.3290     0.0000     0.0000     0.0000
568   0     0.0000     0.6645     0.6645     0.0000     0.0000     0.0000
569   0     0.0000     0.6645     0.6645     0.0000     0.0000     0.0000
570   0     0.0000    -1.3290    -1.3290     0.0000     0.0000     0.0000
571   0     0.0000     0.6645     0.6645     0.0000     0.0000     0.0000
572   0     0.0000     0.6645     0.6645     0.0000     0.0000     0.0000
573   0     0.0000    -1.3290    -1.3290     0.0000     0.0000     0.0000
574   0     0.0000     0.6645     0.6645     0.0000     0.0000     0.0000
575   0     0.0000     0.6645     0.6645     0.0000     0.0000     0.0000
576   0     0.0000    -1.3290    -1.3290     0.0000     0.0000     0.0000
577   0     0.0000     0.6645     0.6645     0.0000     0.0000     0.0000
578   0     0.0000     0.6645     0.6645     0.0000     0.0000     0.0000
579   0     0.0000    -1.3290    -1.3290     0.0000     0.0000     0.0000
580   0     0.0000     0.6645     0.6645     0.0000     0.0000     0.0000
581   0     0.0000     0.6645     0.6645     0.0000     0.0000     0.0000
582   0     0.0000    -1.3290    -1.3290     0.0000     0.0000     0.0000
583   0     0.0000     0.6645     0.6645     0.0000     0.0000     0.0000
584   0     0.0000     0.6645     0.6645     0.0000     0.0000     0.0000
585   0     0.0000    -1.3290    -1.3290     0.0000     0.0000     0.0000
586   0     0.0000     0.6645     0.6645     0.0000     0.0000     0.0000
587   0     0.0000     0.6645     0.6645     0.0000     0.0000     0.0000
588   0     0.0000    -1.3290    -1.3290     0.0000     0.0000     0.0000
589   0     0.0000     0.6645     0.6645     0.0000     0.0000     0.0000
590   0     0.0000     0.6645     0.6645     0.0000     0.0000     0.0000
591   0     0.0000    -1.3290    -1.3290     0.0000     0.0000     0.0000
592   0     0.0000     0.6645     0.6645     0.0000     0.0000     0.0000
593   0     0.0000     0.6645     0.6645     0.0000     0.0000     0.0000
594   0     0.0000    -1.3290    -1.3290     0.0000     0.0000     0.0000
595   0     0.0000     0.6645     0.6645     0.0000     0.0000     0.0000
596   0     0.0000     0.6645     0.6645     0.0000     0.0000     0.0000
597   0     0.0000    -1.3290    -1.3290     0.0000     0.0000     0.0000
598   0     0.0000     0.6645     0.6645     0.0000     0.0000     0.0000
599   0     0.0000     0.6645     0.6645     0.0000     0.0000     0.0000
600   0     0.0000    -1.3290    -1.3290     0.0000     0.0000     0.0000
601   0     0.0000     0.6645     0.6645     0.0000     0.0000     0.0000
602   0     0.0000     0.6645     0.6645     0.0000     0.0000     0.0000
603   0     0.0000    -1.3290    -1.3290     0.0000     0.0000     0.0000
604   0     0.0000     0.6645     0.6645     0.0000     0.0000     0.0000
605   0     0.0000     0.6645     0.6645     0.0000     0.0000     0.0000
606   0     0.0000    -1.3290    -1.3290     0.0000     0.0000     0.0000
      Bond orders larger than 0.1000000
           Atom A     A.N. of A          Atom B    A.N. of B              Bond order
                0             6               1            1                1.034717
                0             6               2            1                1.013228
                0             6               3            6                0.661728
                0             6               6            6                0.158402
                0             6              14            8                0.937014
                3             6               4            1                1.023963
                3             6               5            1                1.012922
                3             6               6            6                0.667189
                6             6               7            1                1.042966
                6             6               8            1                1.017520
                6             6               9            6                0.800178
                9             6              10            1                1.023133
                9             6              11            1                0.964516
                9             6              12            8                0.834867
               12             8              13            1                0.944213
               14             8              15            1                0.922737
               16             8              17            1                0.869718
               16             8              18            1                0.910098
               19             8              20            1                0.925129
               19             8              21            1                0.891476
               22             8              23            1                1.000714
               22             8              24            1                0.935767
               25             8              26            1                0.903260
               25             8              27            1                0.924296
               28             8              29            1                0.958499
               28             8              30            1                0.924527
               31             8              32            1                0.953099
               31             8              33            1                0.933915
               34             8              35            1                0.929344
               34             8              36            1                1.000509
               37             8              38            1                0.988839
               37             8              39            1                0.926202
               40             8              41            1                0.904172
               40             8              42            1                0.973128
               43             8              44            1                0.926213
               43             8              45            1                0.940489
               46             8              47            1                0.935436
               46             8              48            1                0.925513
               49             8              50            1                0.938577
               49             8              51            1                0.933649
               52             8              53            1                0.931619
               52             8              54            1                0.960562
               55             8              56            1                0.952537
               55             8              57            1                0.957699
               58             8              59            1                0.948937
               58             8              60            1                0.966933
               61             8              62            1                0.962529
               61             8              63            1                0.909303
               64             8              65            1                0.918955
               64             8              66            1                0.934964
               67             8              68            1                0.908272
               67             8              69            1                0.854897
               70             8              71            1                0.930174
               70             8              72            1                0.911423
               73             8              74            1                0.881545
               73             8              75            1                0.895704
               76             8              77            1                0.990481
               76             8              78            1                0.908847
               79             8              80            1                0.903057
               79             8              81            1                0.928446
               82             8              83            1                0.970219
               82             8              84            1                0.953748
               85             8              86            1                0.883333
               85             8              87            1                0.985132
# -----------------------------------------------------------
$ SCF_Electric_Properties
   description: The SCF Calculated Electric Properties
   geom. index: 1
   prop. index: 1
       Filename                          : final025.orca.scfp 
       Do Dipole Moment Calculation      : true 
       Do Quadrupole Moment Calculation  : false 
       Do Polarizability Calculation     : false 
** Dipole moment part of electric properties **
        Magnitude of dipole moment (Debye) :       43.5339445759
        Electronic Contribution:
                  0    
      0       0.758554
      1       0.095320
      2       1.322926
        Nuclear Contribution:
                  0    
      0       1.135482
      1      -0.613295
      2     -18.337218
        Total Dipole moment:
                  0    
      0       1.894035
      1      -0.517974
      2     -17.014292
# -------------------------------------------------------------
----------------------- !GEOMETRIES! ------------------------
# -------------------------------------------------------------
------------------------ !GEOMETRY! -------------------------
    Number of atoms:    607 
    Geometry Index:     1 
    Coordinates:
               0 C      9.580000000000   10.550000000000   11.490000000000
               1 H     10.320000000000    9.980000000000   12.090000000000
               2 H      8.670000000000    9.950000000000   11.260000000000
               3 C     10.220000000000   10.850000000000   10.150000000000
               4 H     10.420000000000    9.960000000000    9.690000000000
               5 H      9.460000000000   11.340000000000    9.530000000000
               6 C     11.410000000000   11.790000000000   10.190000000000
               7 H     11.120000000000   12.560000000000   10.880000000000
               8 H     11.500000000000   12.180000000000    9.130000000000
               9 C     12.710000000000   11.230000000000   10.800000000000
              10 H     12.450000000000   10.680000000000   11.730000000000
              11 H     13.450000000000   11.970000000000   11.070000000000
              12 O     13.340000000000   10.270000000000    9.850000000000
              13 H     12.720000000000    9.570000000000    9.720000000000
              14 O      9.200000000000   11.800000000000   12.140000000000
              15 H      8.760000000000   11.490000000000   12.990000000000
              16 O     13.730000000000   10.430000000000    6.530000000000
              17 H     13.970000000000   10.450000000000    7.490000000000
              18 H     13.150000000000    9.680000000000    6.360000000000
              19 O      8.900000000000    8.260000000000   13.950000000000
              20 H      8.040000000000    8.720000000000   13.710000000000
              21 H      9.380000000000    8.800000000000   14.620000000000
              22 O     12.400000000000    7.410000000000    9.040000000000
              23 H     11.530000000000    7.090000000000    9.040000000000
              24 H     12.490000000000    7.670000000000    8.110000000000
              25 O     15.800000000000   10.630000000000    8.880000000000
              26 H     15.080000000000   10.430000000000    9.420000000000
              27 H     15.920000000000    9.780000000000    8.420000000000
              28 O      9.220000000000   12.720000000000    7.440000000000
              29 H      9.120000000000   13.500000000000    8.030000000000
              30 H     10.100000000000   12.830000000000    7.000000000000
              31 O      7.390000000000   14.500000000000    9.220000000000
              32 H      6.470000000000   14.160000000000    9.120000000000
              33 H      7.270000000000   15.420000000000    8.850000000000
              34 O      9.290000000000   14.570000000000   11.320000000000
              35 H      8.740000000000   14.430000000000   10.540000000000
              36 H      9.380000000000   13.710000000000   11.670000000000
              37 O     13.950000000000   14.760000000000   10.690000000000
              38 H     13.110000000000   15.030000000000   11.020000000000
              39 H     14.480000000000   15.540000000000   10.970000000000
              40 O     11.470000000000   11.880000000000    6.050000000000
              41 H     12.200000000000   11.360000000000    6.440000000000
              42 H     11.890000000000   12.780000000000    6.160000000000
              43 O      6.710000000000   12.480000000000    5.990000000000
              44 H      6.640000000000   13.370000000000    5.660000000000
              45 H      7.630000000000   12.430000000000    6.260000000000
              46 O     10.350000000000    9.900000000000   15.570000000000
              47 H     11.150000000000    9.360000000000   15.510000000000
              48 H     10.100000000000    9.840000000000   16.520000000000
              49 O     15.810000000000    8.060000000000    7.250000000000
              50 H     15.220000000000    7.480000000000    7.760000000000
              51 H     15.160000000000    8.350000000000    6.610000000000
              52 O      9.880000000000    5.910000000000   10.060000000000
              53 H     10.010000000000    6.060000000000   11.010000000000
              54 H      8.960000000000    6.090000000000   10.090000000000
              55 O     12.620000000000    7.880000000000    6.430000000000
              56 H     11.990000000000    7.970000000000    5.720000000000
              57 H     12.850000000000    6.960000000000    6.240000000000
              58 O      6.260000000000    7.860000000000   12.700000000000
              59 H      6.730000000000    7.500000000000   11.940000000000
              60 H      6.400000000000    7.150000000000   13.350000000000
              61 O      7.710000000000   11.920000000000   14.520000000000
              62 H      7.600000000000   11.300000000000   15.270000000000
              63 H      8.450000000000   12.480000000000   14.810000000000
              64 O     14.790000000000    5.890000000000    8.810000000000
              65 H     13.980000000000    6.330000000000    9.080000000000
              66 H     14.970000000000    5.240000000000    9.490000000000
              67 O     10.390000000000    6.200000000000   13.230000000000
              68 H     11.250000000000    6.490000000000   12.810000000000
              69 H      9.970000000000    7.060000000000   13.460000000000
              70 O     12.600000000000    7.540000000000   11.970000000000
              71 H     13.530000000000    7.320000000000   12.060000000000
              72 H     12.550000000000    7.590000000000   11.020000000000
              73 O      5.830000000000   12.770000000000   12.400000000000
              74 H      6.110000000000   12.300000000000   11.530000000000
              75 H      6.480000000000   12.380000000000   13.000000000000
              76 O      9.640000000000    9.800000000000    7.160000000000
              77 H      9.170000000000    9.490000000000    6.390000000000
              78 H      9.850000000000   10.770000000000    7.080000000000
              79 O      7.220000000000    9.220000000000    8.570000000000
              80 H      8.140000000000    9.250000000000    8.200000000000
              81 H      6.960000000000   10.010000000000    9.120000000000
              82 O     16.510000000000   13.270000000000   11.840000000000
              83 H     15.590000000000   13.440000000000   11.580000000000
              84 H     16.830000000000   14.180000000000   11.830000000000
              85 O     18.290000000000   12.230000000000    9.250000000000
              86 H     17.400000000000   11.860000000000    9.280000000000
              87 H     18.300000000000   12.880000000000    9.960000000000
              88 Q      4.650000000000   18.150000000000   10.550000000000
              89 Q      4.770000000000   18.300000000000   12.020000000000
              90 Q      4.410000000000   18.000000000000   11.310000000000
              91 Q     18.010000000000   18.280000000000    8.150000000000
              92 Q     18.370000000000   19.420000000000    9.030000000000
              93 Q     17.880000000000   19.000000000000    8.530000000000
              94 Q     14.240000000000   10.080000000000   14.200000000000
              95 Q     15.020000000000    8.810000000000   13.730000000000
              96 Q     14.900000000000    9.610000000000   14.020000000000
              97 Q     20.160000000000   10.560000000000   13.090000000000
              98 Q     18.740000000000    9.990000000000   12.920000000000
              99 Q     19.580000000000    9.960000000000   12.900000000000
             100 Q     16.970000000000    4.310000000000   10.770000000000
             101 Q     15.860000000000    3.400000000000   10.470000000000
             102 Q     16.200000000000    4.050000000000   10.850000000000
             103 Q     18.720000000000    7.220000000000    4.290000000000
             104 Q     18.070000000000    8.350000000000    5.070000000000
             105 Q     18.130000000000    7.790000000000    4.440000000000
             106 Q     12.910000000000   11.320000000000   16.490000000000
             107 Q     13.460000000000   10.240000000000   17.320000000000
             108 Q     13.310000000000   11.020000000000   17.160000000000
             109 Q      6.360000000000   11.870000000000   18.320000000000
             110 Q      6.990000000000   10.630000000000   17.630000000000
             111 Q      6.940000000000   11.460000000000   17.830000000000
             112 Q     15.120000000000   20.010000000000   13.230000000000
             113 Q     16.490000000000   20.270000000000   13.930000000000
             114 Q     15.980000000000   20.120000000000   13.260000000000
             115 Q      4.820000000000    6.160000000000   18.170000000000
             116 Q      5.360000000000    7.590000000000   18.150000000000
             117 Q      5.420000000000    6.760000000000   18.070000000000
             118 Q     12.570000000000   15.120000000000   14.160000000000
             119 Q     11.650000000000   15.060000000000   12.980000000000
             120 Q     11.870000000000   14.870000000000   13.730000000000
             121 Q     10.980000000000    2.310000000000    9.230000000000
             122 Q     10.270000000000    3.670000000000    9.560000000000
             123 Q     10.630000000000    2.910000000000    9.730000000000
             124 Q     20.410000000000    6.390000000000   13.770000000000
             125 Q     21.750000000000    5.940000000000   14.530000000000
             126 Q     21.240000000000    6.150000000000   13.820000000000
             127 Q      4.860000000000   16.350000000000    7.850000000000
             128 Q      4.240000000000   15.470000000000    8.790000000000
             129 Q      4.220000000000   16.030000000000    8.190000000000
             130 Q      2.590000000000   14.300000000000   11.300000000000
             131 Q      1.150000000000   14.730000000000   11.040000000000
             132 Q      1.750000000000   14.280000000000   11.370000000000
             133 Q     19.730000000000    4.560000000000    6.940000000000
             134 Q     18.370000000000    4.330000000000    6.030000000000
             135 Q     18.990000000000    4.800000000000    6.550000000000
             136 Q     10.860000000000    4.370000000000   18.570000000000
             137 Q     10.610000000000    4.300000000000   17.090000000000
             138 Q     10.750000000000    4.700000000000   17.800000000000
             139 Q     14.590000000000   11.020000000000    2.720000000000
             140 Q     15.330000000000    9.590000000000    2.290000000000
             141 Q     14.680000000000   10.120000000000    2.650000000000
             142 Q     17.980000000000    7.310000000000   17.240000000000
             143 Q     19.070000000000    6.050000000000   17.610000000000
             144 Q     18.710000000000    6.900000000000   17.570000000000
             145 Q      6.970000000000   13.330000000000   21.180000000000
             146 Q      5.440000000000   13.740000000000   21.640000000000
             147 Q      6.100000000000   13.370000000000   21.160000000000
             148 Q     12.350000000000    5.670000000000    4.280000000000
             149 Q     13.710000000000    6.410000000000    4.490000000000
             150 Q     13.130000000000    5.790000000000    4.550000000000
             151 Q      3.880000000000   15.380000000000   15.610000000000
             152 Q      4.480000000000   16.270000000000   16.740000000000
             153 Q      4.310000000000   15.540000000000   16.350000000000
             154 Q     16.880000000000   11.790000000000   12.670000000000
             155 Q     16.460000000000   10.620000000000   13.560000000000
             156 Q     17.010000000000   11.190000000000   13.260000000000
             157 Q      3.310000000000   12.150000000000   16.840000000000
             158 Q      3.160000000000   11.760000000000   15.300000000000
             159 Q      3.290000000000   11.610000000000   16.200000000000
             160 Q      1.060000000000    9.520000000000   11.360000000000
             161 Q      1.310000000000   10.770000000000   10.760000000000
             162 Q      1.310000000000   10.250000000000   11.400000000000
             163 Q      2.900000000000   13.950000000000   13.760000000000
             164 Q      2.110000000000   15.310000000000   13.600000000000
             165 Q      2.640000000000   14.780000000000   13.970000000000
             166 Q     10.480000000000   14.270000000000   17.140000000000
             167 Q     11.260000000000   15.460000000000   17.870000000000
             168 Q     10.970000000000   14.670000000000   17.750000000000
             169 Q      5.690000000000   15.780000000000   19.990000000000
             170 Q      5.990000000000   16.690000000000   21.110000000000
             171 Q      5.660000000000   16.510000000000   20.360000000000
             172 Q      8.840000000000    4.600000000000    6.980000000000
             173 Q      7.800000000000    4.960000000000    7.910000000000
             174 Q      8.310000000000    5.100000000000    7.270000000000
             175 Q     17.430000000000   15.410000000000    4.650000000000
             176 Q     16.230000000000   16.490000000000    4.610000000000
             177 Q     16.980000000000   16.140000000000    4.890000000000
             178 Q     19.250000000000   12.470000000000    7.290000000000
             179 Q     20.130000000000   11.540000000000    6.300000000000
             180 Q     19.550000000000   12.180000000000    6.530000000000
             181 Q      8.910000000000    1.650000000000   10.600000000000
             182 Q      8.560000000000    0.310000000000   11.410000000000
             183 Q      8.420000000000    1.060000000000   10.970000000000
             184 Q     10.550000000000   19.120000000000   15.150000000000
             185 Q     11.990000000000   19.510000000000   15.750000000000
             186 Q     11.150000000000   19.630000000000   15.550000000000
             187 Q     15.170000000000   13.740000000000   18.890000000000
             188 Q     15.620000000000   13.710000000000   20.270000000000
             189 Q     15.040000000000   13.770000000000   19.710000000000
             190 Q      8.390000000000   15.860000000000   12.250000000000
             191 Q      7.560000000000   15.710000000000   13.660000000000
             192 Q      7.970000000000   16.110000000000   12.970000000000
             193 Q     15.790000000000    7.470000000000   12.210000000000
             194 Q     15.780000000000    6.310000000000   13.190000000000
             195 Q     15.510000000000    7.050000000000   12.900000000000
             196 Q     19.360000000000   14.990000000000   10.480000000000
             197 Q     20.340000000000   14.400000000000   11.490000000000
             198 Q     19.990000000000   14.480000000000   10.710000000000
             199 Q      8.670000000000    6.900000000000   19.350000000000
             200 Q      9.650000000000    6.590000000000   18.290000000000
             201 Q      9.270000000000    7.110000000000   18.830000000000
             202 Q      5.380000000000   10.480000000000   10.480000000000
             203 Q      5.560000000000   11.600000000000    9.410000000000
             204 Q      5.790000000000   11.090000000000   10.100000000000
             205 Q      4.050000000000   12.030000000000   13.220000000000
             206 Q      2.470000000000   11.890000000000   13.040000000000
             207 Q      3.220000000000   12.020000000000   13.430000000000
             208 Q      8.550000000000   19.110000000000   11.780000000000
             209 Q      7.610000000000   17.870000000000   12.040000000000
             210 Q      7.840000000000   18.660000000000   11.780000000000
             211 Q      6.090000000000   20.390000000000    9.210000000000
             212 Q      6.420000000000   19.630000000000   10.480000000000
             213 Q      5.950000000000   19.830000000000    9.790000000000
             214 Q     15.400000000000    8.830000000000   17.190000000000
             215 Q     16.020000000000    9.100000000000   15.820000000000
             216 Q     16.050000000000    8.930000000000   16.640000000000
             217 Q     18.110000000000   13.120000000000    3.550000000000
             218 Q     18.330000000000   13.130000000000    5.150000000000
             219 Q     18.050000000000   13.420000000000    4.400000000000
             220 Q     12.260000000000   15.030000000000    6.920000000000
             221 Q     12.150000000000   14.890000000000    5.360000000000
             222 Q     11.860000000000   14.950000000000    6.170000000000
             223 Q     16.670000000000   16.860000000000   14.840000000000
             224 Q     16.370000000000   16.470000000000   13.360000000000
             225 Q     16.680000000000   16.360000000000   14.140000000000
             226 Q      1.610000000000   12.930000000000    9.900000000000
             227 Q      1.580000000000   11.860000000000    8.920000000000
             228 Q      1.920000000000   12.280000000000    9.540000000000
             229 Q      8.330000000000   14.110000000000   18.730000000000
             230 Q      7.260000000000   14.480000000000   17.760000000000
             231 Q      7.790000000000   14.650000000000   18.350000000000
             232 Q     17.030000000000    4.590000000000   14.130000000000
             233 Q     15.700000000000    3.960000000000   13.670000000000
             234 Q     16.190000000000    4.510000000000   14.070000000000
             235 Q     16.260000000000    4.660000000000   16.220000000000
             236 Q     16.320000000000    3.700000000000   17.550000000000
             237 Q     16.270000000000    4.450000000000   17.070000000000
             238 Q      3.170000000000    9.700000000000    5.280000000000
             239 Q      1.810000000000    8.990000000000    4.800000000000
             240 Q      2.320000000000    9.640000000000    5.000000000000
             241 Q      6.710000000000   14.060000000000   14.960000000000
             242 Q      6.030000000000   15.200000000000   15.680000000000
             243 Q      6.680000000000   14.820000000000   15.320000000000
             244 Q     15.010000000000   12.530000000000    5.640000000000
             245 Q     15.940000000000   13.550000000000    4.890000000000
             246 Q     15.280000000000   13.300000000000    5.360000000000
             247 Q     13.660000000000    9.050000000000    1.300000000000
             248 Q     13.030000000000   10.070000000000    0.380000000000
             249 Q     13.300000000000    9.300000000000    0.590000000000
             250 Q     12.190000000000   17.230000000000    2.150000000000
             251 Q     12.590000000000   15.840000000000    2.640000000000
             252 Q     12.090000000000   16.410000000000    2.280000000000
             253 Q      4.600000000000   18.950000000000   14.300000000000
             254 Q      5.740000000000   19.700000000000   13.690000000000
             255 Q      5.070000000000   19.230000000000   13.670000000000
             256 Q      8.400000000000   14.940000000000    2.600000000000
             257 Q      7.930000000000   13.430000000000    2.760000000000
             258 Q      7.830000000000   14.280000000000    2.660000000000
             259 Q     15.560000000000   15.440000000000    2.030000000000
             260 Q     16.750000000000   15.850000000000    1.170000000000
             261 Q     16.120000000000   15.350000000000    1.420000000000
             262 Q      2.360000000000    7.050000000000   14.280000000000
             263 Q      1.350000000000    8.050000000000   15.060000000000
             264 Q      2.070000000000    7.590000000000   14.900000000000
             265 Q     11.180000000000   10.330000000000   19.730000000000
             266 Q     12.560000000000   10.740000000000   19.100000000000
             267 Q     12.010000000000   10.550000000000   19.740000000000
             268 Q     14.300000000000   17.860000000000    8.880000000000
             269 Q     13.840000000000   16.670000000000    8.140000000000
             270 Q     13.850000000000   17.470000000000    8.340000000000
             271 Q     19.110000000000    4.560000000000   13.700000000000
             272 Q     18.340000000000    5.420000000000   12.580000000000
             273 Q     18.690000000000    5.210000000000   13.350000000000
             274 Q     12.060000000000    2.850000000000   11.080000000000
             275 Q     13.620000000000    2.720000000000   11.330000000000
             276 Q     12.780000000000    2.750000000000   11.540000000000
             277 Q      8.240000000000   17.050000000000    4.250000000000
             278 Q      7.890000000000   18.300000000000    4.980000000000
             279 Q      8.030000000000   17.450000000000    4.940000000000
             280 Q     14.380000000000   12.900000000000   16.680000000000
             281 Q     15.850000000000   13.210000000000   16.800000000000
             282 Q     15.050000000000   13.370000000000   16.580000000000
             283 Q      6.690000000000    3.810000000000   17.760000000000
             284 Q      6.530000000000    5.360000000000   17.600000000000
             285 Q      6.730000000000    4.550000000000   17.360000000000
             286 Q      2.710000000000    4.770000000000   17.110000000000
             287 Q      2.950000000000    4.680000000000   15.580000000000
             288 Q      2.490000000000    4.690000000000   16.300000000000
             289 Q     10.080000000000   13.220000000000   18.730000000000
             290 Q      9.000000000000   12.240000000000   18.250000000000
             291 Q      9.440000000000   12.720000000000   18.800000000000
             292 Q     14.180000000000    2.110000000000    7.080000000000
             293 Q     14.590000000000    0.620000000000    7.190000000000
             294 Q     14.230000000000    1.340000000000    7.460000000000
             295 Q      7.660000000000   10.880000000000   21.730000000000
             296 Q      7.720000000000    9.600000000000   22.500000000000
             297 Q      7.400000000000   10.120000000000   21.960000000000
             298 Q      0.220000000000   10.740000000000   14.800000000000
             299 Q      1.440000000000   10.880000000000   15.680000000000
             300 Q      0.720000000000   10.490000000000   15.420000000000
             301 Q     12.520000000000    5.490000000000   17.470000000000
             302 Q     14.050000000000    4.970000000000   17.420000000000
             303 Q     13.370000000000    5.520000000000   17.360000000000
             304 Q     13.160000000000   21.050000000000   12.610000000000
             305 Q     12.820000000000   21.280000000000   14.050000000000
             306 Q     13.210000000000   20.890000000000   13.440000000000
             307 Q     10.930000000000    7.230000000000   20.200000000000
             308 Q     11.510000000000    8.380000000000   21.060000000000
             309 Q     11.090000000000    7.660000000000   20.920000000000
             310 Q     16.420000000000    3.700000000000    5.850000000000
             311 Q     16.890000000000    2.600000000000    4.960000000000
             312 Q     16.910000000000    3.380000000000    5.270000000000
             313 Q      6.540000000000   14.800000000000    3.930000000000
             314 Q      6.450000000000   15.810000000000    5.120000000000
             315 Q      6.250000000000   15.100000000000    4.680000000000
             316 Q      2.770000000000    8.750000000000    8.470000000000
             317 Q      3.380000000000    8.730000000000    9.780000000000
             318 Q      3.120000000000    8.370000000000    9.100000000000
             319 Q      5.080000000000    4.960000000000   14.120000000000
             320 Q      3.810000000000    5.520000000000   13.480000000000
             321 Q      4.230000000000    4.990000000000   14.010000000000
             322 Q      2.330000000000   10.500000000000    7.420000000000
             323 Q      0.880000000000    9.870000000000    7.230000000000
             324 Q      1.600000000000   10.150000000000    7.650000000000
             325 Q      2.080000000000   17.580000000000   15.860000000000
             326 Q      1.950000000000   16.080000000000   15.650000000000
             327 Q      1.660000000000   16.850000000000   15.870000000000
             328 Q     13.840000000000    2.120000000000   14.650000000000
             329 Q     14.290000000000    0.950000000000   13.680000000000
             330 Q     14.390000000000    1.620000000000   14.220000000000
             331 Q      7.720000000000   20.130000000000   13.290000000000
             332 Q      7.840000000000   19.580000000000   14.680000000000
             333 Q      7.650000000000   20.150000000000   14.120000000000
             334 Q     12.890000000000   12.230000000000    1.330000000000
             335 Q     12.570000000000   11.730000000000    2.790000000000
             336 Q     12.830000000000   12.280000000000    2.200000000000
             337 Q     14.410000000000   14.930000000000   15.520000000000
             338 Q     14.740000000000   15.780000000000   14.350000000000
             339 Q     14.260000000000   15.470000000000   14.940000000000
             340 Q      5.640000000000    5.810000000000    8.060000000000
             341 Q      4.990000000000    4.740000000000    8.800000000000
             342 Q      5.620000000000    5.230000000000    8.620000000000
             343 Q     12.300000000000   18.700000000000    5.240000000000
             344 Q     13.280000000000   18.180000000000    6.390000000000
             345 Q     13.060000000000   18.430000000000    5.590000000000
             346 Q      6.160000000000    9.080000000000   20.690000000000
             347 Q      5.190000000000    9.590000000000   19.530000000000
             348 Q      5.530000000000    9.040000000000   20.090000000000
             349 Q     12.600000000000    3.410000000000   13.550000000000
             350 Q     12.980000000000    4.170000000000   14.810000000000
             351 Q     12.540000000000    3.620000000000   14.360000000000
             352 Q     21.960000000000   11.950000000000    8.420000000000
             353 Q     21.100000000000   12.670000000000    9.560000000000
             354 Q     21.580000000000   12.050000000000    9.170000000000
             355 Q      3.930000000000   12.940000000000    8.790000000000
             356 Q      4.770000000000   12.830000000000    7.480000000000
             357 Q      4.640000000000   12.910000000000    8.300000000000
             358 Q      3.460000000000    8.430000000000   16.390000000000
             359 Q      4.000000000000    9.810000000000   16.370000000000
             360 Q      4.020000000000    8.980000000000   16.560000000000
             361 Q      5.870000000000   10.910000000000    6.020000000000
             362 Q      5.490000000000    9.350000000000    6.370000000000
             363 Q      5.340000000000   10.160000000000    6.060000000000
             364 Q      7.780000000000    8.350000000000   16.850000000000
             365 Q      6.440000000000    8.730000000000   16.430000000000
             366 Q      7.180000000000    8.890000000000   16.720000000000
             367 Q      7.220000000000    7.660000000000    9.610000000000
             368 Q      6.740000000000    6.210000000000    9.930000000000
             369 Q      7.210000000000    6.890000000000   10.020000000000
             370 Q      6.760000000000    6.290000000000   19.580000000000
             371 Q      7.500000000000    4.950000000000   19.790000000000
             372 Q      7.210000000000    5.720000000000   20.020000000000
             373 Q     11.870000000000   17.420000000000   13.180000000000
             374 Q     12.460000000000   18.880000000000   13.400000000000
             375 Q     12.470000000000   18.020000000000   13.380000000000
             376 Q      2.850000000000   14.210000000000   18.780000000000
             377 Q      3.920000000000   14.030000000000   17.720000000000
             378 Q      3.400000000000   13.760000000000   18.300000000000
             379 Q      0.620000000000   15.750000000000    9.250000000000
             380 Q     -0.710000000000   15.390000000000   10.010000000000
             381 Q     -0.020000000000   15.840000000000    9.820000000000
             382 Q     15.510000000000   17.540000000000   11.440000000000
             383 Q     14.250000000000   17.510000000000   12.390000000000
             384 Q     14.950000000000   17.220000000000   12.010000000000
             385 Q      8.380000000000   17.210000000000    1.670000000000
             386 Q      9.670000000000   17.010000000000    2.430000000000
             387 Q      8.850000000000   16.950000000000    2.310000000000
             388 Q     12.380000000000   12.810000000000   14.500000000000
             389 Q     11.280000000000   11.800000000000   14.890000000000
             390 Q     12.080000000000   12.060000000000   14.810000000000
             391 Q     12.190000000000   18.000000000000    8.810000000000
             392 Q     10.770000000000   17.550000000000    8.710000000000
             393 Q     11.370000000000   18.080000000000    8.950000000000
             394 Q      8.570000000000    1.640000000000   16.540000000000
             395 Q     10.030000000000    1.840000000000   16.910000000000
             396 Q      9.250000000000    2.120000000000   16.720000000000
             397 Q     14.080000000000   14.420000000000    4.360000000000
             398 Q     13.240000000000   13.840000000000    3.210000000000
             399 Q     13.500000000000   14.470000000000    3.750000000000
             400 Q     10.120000000000   18.400000000000    4.990000000000
             401 Q     10.510000000000   19.630000000000    4.040000000000
             402 Q     10.510000000000   19.150000000000    4.760000000000
             403 Q      8.480000000000   17.590000000000   16.360000000000
             404 Q      8.200000000000   17.400000000000   14.890000000000
             405 Q      8.470000000000   17.800000000000   15.560000000000
             406 Q      8.930000000000   10.220000000000   18.720000000000
             407 Q      9.530000000000    8.920000000000   18.530000000000
             408 Q      9.550000000000    9.750000000000   18.480000000000
             409 Q      4.920000000000   14.210000000000   11.220000000000
             410 Q      4.380000000000   15.600000000000   11.190000000000
             411 Q      4.450000000000   14.810000000000   10.900000000000
             412 Q     11.140000000000   15.280000000000    0.790000000000
             413 Q     11.430000000000   13.890000000000    0.500000000000
             414 Q     11.060000000000   14.590000000000    0.350000000000
             415 Q      6.040000000000   18.640000000000   17.730000000000
             416 Q      5.640000000000   17.320000000000   18.410000000000
             417 Q      5.650000000000   17.900000000000   17.790000000000
             418 Q      9.210000000000   13.570000000000   21.970000000000
             419 Q      9.370000000000   12.650000000000   20.900000000000
             420 Q      9.090000000000   12.850000000000   21.640000000000
             421 Q      4.620000000000    8.880000000000   12.130000000000
             422 Q      3.210000000000    9.530000000000   12.040000000000
             423 Q      3.940000000000    9.210000000000   11.740000000000
             424 Q      6.500000000000   17.970000000000    8.760000000000
             425 Q      6.660000000000   17.440000000000    7.320000000000
             426 Q      6.770000000000   17.430000000000    8.140000000000
             427 Q     13.610000000000   17.890000000000   15.830000000000
             428 Q     12.930000000000   18.030000000000   17.240000000000
             429 Q     13.410000000000   18.290000000000   16.560000000000
             430 Q     10.780000000000   21.240000000000    8.510000000000
             431 Q     11.090000000000   19.820000000000    9.060000000000
             432 Q     11.050000000000   20.680000000000    9.080000000000
             433 Q     22.210000000000   11.320000000000   12.590000000000
             434 Q     21.390000000000   12.450000000000   13.400000000000
             435 Q     21.730000000000   11.650000000000   13.260000000000
             436 Q      6.140000000000    2.050000000000    5.900000000000
             437 Q      5.620000000000    3.560000000000    5.710000000000
             438 Q      5.680000000000    2.710000000000    5.580000000000
             439 Q     14.030000000000    8.670000000000   18.700000000000
             440 Q     13.570000000000    7.480000000000   17.830000000000
             441 Q     13.780000000000    8.290000000000   17.980000000000
             442 Q      5.410000000000    7.870000000000    2.990000000000
             443 Q      5.710000000000    8.940000000000    4.280000000000
             444 Q      5.850000000000    8.290000000000    3.680000000000
             445 Q      6.380000000000    2.930000000000   13.300000000000
             446 Q      6.960000000000    1.840000000000   12.410000000000
             447 Q      6.440000000000    2.150000000000   13.010000000000
             448 Q     19.910000000000    9.530000000000   15.900000000000
             449 Q     21.350000000000    9.740000000000   16.270000000000
             450 Q     20.550000000000    9.630000000000   16.430000000000
             451 Q     14.170000000000   14.700000000000    8.600000000000
             452 Q     14.570000000000   14.460000000000    7.130000000000
             453 Q     14.080000000000   14.720000000000    7.780000000000
             454 Q     14.060000000000    4.460000000000    5.840000000000
             455 Q     14.650000000000    4.570000000000    7.200000000000
             456 Q     14.420000000000    4.160000000000    6.530000000000
             457 Q      5.280000000000   11.890000000000   20.240000000000
             458 Q      4.220000000000   12.000000000000   19.140000000000
             459 Q      4.870000000000   11.670000000000   19.540000000000
             460 Q     10.680000000000    0.790000000000    7.350000000000
             461 Q     12.110000000000    1.160000000000    7.650000000000
             462 Q     11.300000000000    1.290000000000    7.610000000000
             463 Q     18.690000000000   19.240000000000   11.340000000000
             464 Q     17.300000000000   18.880000000000   11.910000000000
             465 Q     18.090000000000   18.700000000000   11.600000000000
             466 Q     18.780000000000   16.420000000000    7.670000000000
             467 Q     17.460000000000   16.050000000000    6.930000000000
             468 Q     17.960000000000   16.160000000000    7.600000000000
             469 Q     10.360000000000   14.210000000000   14.850000000000
             470 Q      8.890000000000   14.680000000000   15.440000000000
             471 Q      9.570000000000   14.160000000000   15.290000000000
             472 Q      8.500000000000   16.560000000000   18.420000000000
             473 Q      8.160000000000   17.990000000000   18.900000000000
             474 Q      8.500000000000   17.410000000000   18.390000000000
             475 Q      9.350000000000    2.600000000000    2.770000000000
             476 Q      9.870000000000    3.840000000000    3.510000000000
             477 Q      9.740000000000    3.030000000000    3.410000000000
             478 Q      9.240000000000    3.090000000000   14.900000000000
             479 Q     10.050000000000    4.020000000000   13.940000000000
             480 Q      9.490000000000    3.420000000000   14.150000000000
             481 Q     10.840000000000   17.580000000000   18.540000000000
             482 Q     12.070000000000   16.880000000000   19.260000000000
             483 Q     11.670000000000   17.490000000000   18.760000000000
             484 Q     17.690000000000   14.760000000000   14.650000000000
             485 Q     17.660000000000   13.320000000000   14.030000000000
             486 Q     17.930000000000   13.950000000000   14.510000000000
             487 Q     16.920000000000    7.250000000000   10.020000000000
             488 Q     17.200000000000    8.720000000000   10.510000000000
             489 Q     16.820000000000    7.960000000000   10.510000000000
             490 Q      2.480000000000    4.770000000000    9.530000000000
             491 Q      2.930000000000    6.130000000000    9.050000000000
             492 Q      2.690000000000    5.350000000000    8.970000000000
             493 Q      8.710000000000    8.330000000000    2.260000000000
             494 Q      7.240000000000    9.190000000000    2.620000000000
             495 Q      8.130000000000    9.010000000000    2.380000000000
             496 Q     10.410000000000    8.750000000000    4.080000000000
             497 Q      9.660000000000    7.820000000000    4.960000000000
             498 Q     10.310000000000    8.070000000000    4.550000000000
             499 Q     17.570000000000    7.520000000000    7.710000000000
             500 Q     18.630000000000    6.310000000000    7.530000000000
             501 Q     18.260000000000    7.020000000000    7.920000000000
             502 Q     19.280000000000    9.900000000000   10.970000000000
             503 Q     18.690000000000   10.540000000000    9.730000000000
             504 Q     18.890000000000    9.890000000000   10.230000000000
             505 Q     15.210000000000   19.910000000000   10.020000000000
             506 Q     16.280000000000   19.000000000000    9.630000000000
             507 Q     15.550000000000   19.180000000000    9.970000000000
             508 Q     14.210000000000   17.980000000000    4.130000000000
             509 Q     15.510000000000   18.710000000000    3.660000000000
             510 Q     15.030000000000   18.040000000000    3.820000000000
             511 Q      2.890000000000   10.040000000000   18.040000000000
             512 Q      1.450000000000   10.530000000000   18.300000000000
             513 Q      2.180000000000   10.110000000000   18.460000000000
             514 Q     20.060000000000    7.920000000000    8.130000000000
             515 Q     20.410000000000    9.280000000000    8.770000000000
             516 Q     20.550000000000    8.590000000000    8.280000000000
             517 Q      2.390000000000   15.200000000000    7.740000000000
             518 Q      1.190000000000   14.210000000000    7.480000000000
             519 Q      1.550000000000   14.940000000000    7.720000000000
             520 Q     11.860000000000   15.270000000000   21.040000000000
             521 Q     13.010000000000   14.900000000000   20.120000000000
             522 Q     12.500000000000   15.420000000000   20.520000000000
             523 Q      7.730000000000    4.730000000000   14.260000000000
             524 Q      6.720000000000    4.640000000000   15.320000000000
             525 Q      6.960000000000    4.830000000000   14.550000000000
             526 Q      4.670000000000    7.660000000000    8.170000000000
             527 Q      6.130000000000    8.070000000000    7.740000000000
             528 Q      5.400000000000    7.650000000000    7.710000000000
             529 Q     19.810000000000   14.430000000000   13.900000000000
             530 Q     21.190000000000   15.110000000000   13.340000000000
             531 Q     20.560000000000   14.460000000000   13.460000000000
             532 Q      4.300000000000    6.260000000000    6.220000000000
             533 Q      3.600000000000    5.100000000000    6.900000000000
             534 Q      4.180000000000    5.460000000000    6.370000000000
             535 Q     10.330000000000    6.160000000000    3.700000000000
             536 Q     10.250000000000    5.900000000000    2.260000000000
             537 Q     10.560000000000    5.740000000000    3.030000000000
             538 Q     19.430000000000    4.630000000000   10.550000000000
             539 Q     18.550000000000    5.740000000000    9.770000000000
             540 Q     18.690000000000    5.030000000000   10.250000000000
             541 Q      7.550000000000    7.550000000000    4.930000000000
             542 Q      8.020000000000    6.710000000000    6.200000000000
             543 Q      7.940000000000    7.420000000000    5.670000000000
             544 Q      4.220000000000   15.330000000000    4.380000000000
             545 Q      2.910000000000   15.100000000000    3.530000000000
             546 Q      3.400000000000   15.340000000000    4.200000000000
             547 Q     10.380000000000   16.150000000000    6.660000000000
             548 Q      8.900000000000   16.680000000000    7.010000000000
             549 Q      9.770000000000   16.630000000000    7.020000000000
             550 Q      2.260000000000    5.980000000000   11.920000000000
             551 Q      2.710000000000    7.380000000000   11.800000000000
             552 Q      2.760000000000    6.610000000000   12.100000000000
             553 Q      0.150000000000    7.320000000000   12.590000000000
             554 Q     -0.480000000000    7.980000000000   11.420000000000
             555 Q      0.180000000000    7.740000000000   11.870000000000
             556 Q     17.360000000000   15.780000000000    9.390000000000
             557 Q     17.790000000000   16.600000000000   10.670000000000
             558 Q     17.540000000000   15.870000000000   10.230000000000
             559 Q     20.970000000000   10.110000000000    5.250000000000
             560 Q     20.850000000000    9.520000000000    6.710000000000
             561 Q     21.130000000000   10.080000000000    6.110000000000
             562 Q     11.570000000000    1.240000000000   12.560000000000
             563 Q     10.260000000000    1.900000000000   13.120000000000
             564 Q     10.810000000000    1.280000000000   12.900000000000
             565 Q     12.730000000000    7.860000000000   14.160000000000
             566 Q     13.350000000000    8.070000000000   15.450000000000
             567 Q     12.730000000000    8.130000000000   14.950000000000
             568 Q      9.940000000000   21.510000000000   12.410000000000
             569 Q     10.410000000000   20.930000000000   11.050000000000
             570 Q      9.940000000000   20.960000000000   11.770000000000
             571 Q     14.720000000000    4.440000000000    2.370000000000
             572 Q     13.660000000000    5.400000000000    2.810000000000
             573 Q     14.170000000000    5.050000000000    2.270000000000
             574 Q      5.740000000000   10.870000000000    1.270000000000
             575 Q      4.770000000000   10.740000000000    2.590000000000
             576 Q      5.280000000000   11.130000000000    1.950000000000
             577 Q     14.570000000000    8.560000000000    3.900000000000
             578 Q     15.880000000000    7.690000000000    4.260000000000
             579 Q     15.010000000000    7.880000000000    4.210000000000
             580 Q     18.120000000000   12.200000000000   17.480000000000
             581 Q     18.070000000000   13.360000000000   16.360000000000
             582 Q     17.910000000000   12.950000000000   17.130000000000
             583 Q     10.620000000000   15.950000000000   10.990000000000
             584 Q     11.630000000000   17.160000000000   10.850000000000
             585 Q     11.330000000000   16.450000000000   11.190000000000
             586 Q     17.510000000000   10.090000000000   17.850000000000
             587 Q     18.930000000000    9.790000000000   18.340000000000
             588 Q     18.180000000000   10.190000000000   18.340000000000
             589 Q     10.360000000000    2.730000000000    6.620000000000
             590 Q      9.580000000000    2.980000000000    5.330000000000
             591 Q      9.660000000000    2.910000000000    6.160000000000
             592 Q     13.700000000000   12.640000000000   21.440000000000
             593 Q     12.490000000000   11.770000000000   21.020000000000
             594 Q     12.980000000000   12.180000000000   21.590000000000
             595 Q     15.040000000000    1.540000000000    9.270000000000
             596 Q     15.620000000000    1.270000000000   10.690000000000
             597 Q     15.120000000000    1.660000000000   10.120000000000
             598 Q     10.550000000000   11.070000000000    3.120000000000
             599 Q     11.240000000000   11.040000000000    4.460000000000
             600 Q     11.050000000000   10.750000000000    3.690000000000
             601 Q      9.150000000000   11.920000000000    1.180000000000
             602 Q      8.700000000000   10.780000000000    2.140000000000
             603 Q      9.030000000000   11.540000000000    1.910000000000
             604 Q     17.150000000000   17.390000000000   17.180000000000
             605 Q     15.910000000000   18.420000000000   17.050000000000
             606 Q     16.550000000000   17.930000000000   16.780000000000
