-------------------------------------------------------------
----------------------- !PROPERTIES! ------------------------
-------------------------------------------------------------
# -----------------------------------------------------------
$ PAL_Flags
   description: The PAL Flags
   geom. index: 1
   prop. index: 1
        Diskflag:     2
# -----------------------------------------------------------
$ SCF_Energy
   description: The SCF energy
   geom. index: 1
   prop. index: 1
        SCF Energy:    -2687.1988778950
# -----------------------------------------------------------
$ DFT_Energy
   description: The DFT energy
   geom. index: 1
   prop. index: 1
   Number of Alpha Electrons                169.9997902736 
   Number of Beta  Electrons                169.9997902736 
   Total number of  Electrons               339.9995805472 
   Exchange energy                         -238.5048781112 
   Correlation energy                       -13.7693241527 
   Correlation energy NL                      0.0000000000 
   Exchange-Correlation energy             -252.2742022640 
   Embedding correction                       0.0000000000 
   Total DFT Energy (No VdW correction)   -2687.1988778950 
# -----------------------------------------------------------
$ Mayer_Pop
   description: The Mayer population analysis
   geom. index: 1
   prop. index: 1
     Number of atoms                     : 604
     Threshold for printing              : 0.1000000
     Number of bond orders printed       : 77
  NA   - Mulliken gross atomic population
  ZA   - Total nuclear charge
  QA   - Mulliken gross atomic charge
  VA   - Mayer's total valence
  BVA  - Mayer's bonded valence
  FA   - Mayer's free valence
  ATOM       NA         ZA         QA         VA         BVA        FA
  0   0     6.2866     6.0000    -0.2866     3.8498     3.8498    -0.0000
  1   0     0.7378     1.0000     0.2622     0.9157     0.9157    -0.0000
  2   0     0.8817     1.0000     0.1183     0.9918     0.9918    -0.0000
  3   0     6.2705     6.0000    -0.2705     3.7416     3.7416    -0.0000
  4   0     0.8718     1.0000     0.1282     1.0241     1.0241     0.0000
  5   0     0.8327     1.0000     0.1673     0.9693     0.9693    -0.0000
  6   0     6.2870     6.0000    -0.2870     3.7424     3.7424     0.0000
  7   0     0.8961     1.0000     0.1039     1.0236     1.0236    -0.0000
  8   0     0.8600     1.0000     0.1400     1.0180     1.0180     0.0000
  9   0     5.8847     6.0000     0.1153     3.4447     3.4447     0.0000
 10   0     0.8184     1.0000     0.1816     0.9766     0.9766     0.0000
 11   0     0.8106     1.0000     0.1894     0.9983     0.9983    -0.0000
 12   0     8.5930     8.0000    -0.5930     1.7688     1.7688    -0.0000
 13   0     0.7768     1.0000     0.2232     1.0089     1.0089     0.0000
 14   0     8.4545     8.0000    -0.4545     1.9700     1.9700     0.0000
 15   0     0.7505     1.0000     0.2495     0.9016     0.9016     0.0000
 16   0     8.6298     8.0000    -0.6298     1.9351     1.9351     0.0000
 17   0     0.6376     1.0000     0.3624     0.8881     0.8881    -0.0000
 18   0     0.7409     1.0000     0.2591     0.9716     0.9716     0.0000
 19   0     8.5828     8.0000    -0.5828     1.9332     1.9332    -0.0000
 20   0     0.6489     1.0000     0.3511     0.9038     0.9038     0.0000
 21   0     0.7665     1.0000     0.2335     0.9548     0.9548    -0.0000
 22   0     8.6262     8.0000    -0.6262     1.8890     1.8890     0.0000
 23   0     0.7243     1.0000     0.2757     0.9552     0.9552     0.0000
 24   0     0.6744     1.0000     0.3256     0.9185     0.9185     0.0000
 25   0     8.5055     8.0000    -0.5055     1.9067     1.9067     0.0000
 26   0     0.7893     1.0000     0.2107     1.0427     1.0427    -0.0000
 27   0     0.7175     1.0000     0.2825     0.9544     0.9544     0.0000
 28   0     8.5746     8.0000    -0.5746     1.9317     1.9317     0.0000
 29   0     0.7403     1.0000     0.2597     1.0153     1.0153    -0.0000
 30   0     0.7429     1.0000     0.2571     0.9910     0.9910    -0.0000
 31   0     8.5177     8.0000    -0.5177     1.9347     1.9347     0.0000
 32   0     0.7147     1.0000     0.2853     0.9513     0.9513     0.0000
 33   0     0.7349     1.0000     0.2651     0.9595     0.9595     0.0000
 34   0     8.6375     8.0000    -0.6375     1.8556     1.8556     0.0000
 35   0     0.6862     1.0000     0.3138     0.9602     0.9602     0.0000
 36   0     0.6826     1.0000     0.3174     0.9572     0.9572    -0.0000
 37   0     8.5685     8.0000    -0.5685     1.8901     1.8901    -0.0000
 38   0     0.7341     1.0000     0.2659     1.0071     1.0071    -0.0000
 39   0     0.7014     1.0000     0.2986     0.9655     0.9655    -0.0000
 40   0     8.5137     8.0000    -0.5137     1.9056     1.9056    -0.0000
 41   0     0.7769     1.0000     0.2231     0.9767     0.9767    -0.0000
 42   0     0.7214     1.0000     0.2786     0.9603     0.9603    -0.0000
 43   0     8.5416     8.0000    -0.5416     2.0405     2.0405    -0.0000
 44   0     0.7046     1.0000     0.2954     0.9410     0.9410     0.0000
 45   0     0.7241     1.0000     0.2759     0.9564     0.9564     0.0000
 46   0     8.4930     8.0000    -0.4930     1.9882     1.9882     0.0000
 47   0     0.6877     1.0000     0.3123     0.9333     0.9333    -0.0000
 48   0     0.8039     1.0000     0.1961     0.9987     0.9987     0.0000
 49   0     8.6124     8.0000    -0.6124     1.9362     1.9362    -0.0000
 50   0     0.7215     1.0000     0.2785     0.9374     0.9374     0.0000
 51   0     0.6350     1.0000     0.3650     0.9038     0.9038     0.0000
 52   0     8.7084     8.0000    -0.7084     1.7464     1.7464     0.0000
 53   0     0.6455     1.0000     0.3545     0.9227     0.9227    -0.0000
 54   0     0.6681     1.0000     0.3319     0.8863     0.8863    -0.0000
 55   0     8.5656     8.0000    -0.5656     1.8071     1.8071    -0.0000
 56   0     0.7187     1.0000     0.2813     0.9434     0.9434     0.0000
 57   0     0.7667     1.0000     0.2333     0.9662     0.9662    -0.0000
 58   0     8.5785     8.0000    -0.5785     1.8616     1.8616    -0.0000
 59   0     0.7409     1.0000     0.2591     0.9898     0.9898     0.0000
 60   0     0.6827     1.0000     0.3173     0.9131     0.9131    -0.0000
 61   0     8.5660     8.0000    -0.5660     1.9087     1.9087    -0.0000
 62   0     0.7130     1.0000     0.2870     0.9634     0.9634    -0.0000
 63   0     0.7176     1.0000     0.2824     0.9715     0.9715    -0.0000
 64   0     8.5699     8.0000    -0.5699     1.9955     1.9955    -0.0000
 65   0     0.6655     1.0000     0.3345     0.9173     0.9173    -0.0000
 66   0     0.7467     1.0000     0.2533     0.9656     0.9656     0.0000
 67   0     8.5144     8.0000    -0.5144     1.9709     1.9709     0.0000
 68   0     0.7041     1.0000     0.2959     0.9480     0.9480     0.0000
 69   0     0.7391     1.0000     0.2609     0.9582     0.9582     0.0000
 70   0     8.6107     8.0000    -0.6107     1.8730     1.8730    -0.0000
 71   0     0.6420     1.0000     0.3580     0.8915     0.8915    -0.0000
 72   0     0.7539     1.0000     0.2461     1.0476     1.0476     0.0000
 73   0     8.5755     8.0000    -0.5755     1.8100     1.8100    -0.0000
 74   0     0.7558     1.0000     0.2442     0.9548     0.9548    -0.0000
 75   0     0.7023     1.0000     0.2977     0.9664     0.9664    -0.0000
 76   0     8.6176     8.0000    -0.6176     1.8372     1.8372    -0.0000
 77   0     0.6461     1.0000     0.3539     0.8975     0.8975    -0.0000
 78   0     0.7280     1.0000     0.2720     0.9525     0.9525    -0.0000
 79   0     8.7092     8.0000    -0.7092     1.8175     1.8175    -0.0000
 80   0     0.6997     1.0000     0.3003     1.0028     1.0028    -0.0000
 81   0     0.6060     1.0000     0.3940     0.8800     0.8800    -0.0000
 82   0     8.5510     8.0000    -0.5510     1.8769     1.8769    -0.0000
 83   0     0.6993     1.0000     0.3007     0.9271     0.9271     0.0000
 84   0     0.7280     1.0000     0.2720     0.9364     0.9364    -0.0000
 85   0     8.5922     8.0000    -0.5922     1.8515     1.8515    -0.0000
 86   0     0.7234     1.0000     0.2766     0.9759     0.9759    -0.0000
 87   0     0.6628     1.0000     0.3372     0.9167     0.9167     0.0000
 88   0     8.6126     8.0000    -0.6126     1.8932     1.8932    -0.0000
 89   0     0.6982     1.0000     0.3018     0.9313     0.9313     0.0000
 90   0     0.6475     1.0000     0.3525     0.9042     0.9042     0.0000
 91   0     8.5015     8.0000    -0.5015     1.9598     1.9598     0.0000
 92   0     0.7340     1.0000     0.2660     0.9635     0.9635    -0.0000
 93   0     0.7258     1.0000     0.2742     0.9621     0.9621    -0.0000
 94   0     8.6831     8.0000    -0.6831     1.8460     1.8460     0.0000
 95   0     0.6693     1.0000     0.3307     0.8968     0.8968     0.0000
 96   0     0.6305     1.0000     0.3695     0.8591     0.8591     0.0000
 97   0     8.6017     8.0000    -0.6017     1.8775     1.8775     0.0000
 98   0     0.7061     1.0000     0.2939     1.0032     1.0032    -0.0000
 99   0     0.6964     1.0000     0.3036     0.9519     0.9519    -0.0000
100   0     8.8080     8.0000    -0.8080     1.8851     1.8851     0.0000
101   0     0.6463     1.0000     0.3537     0.9111     0.9111     0.0000
102   0     0.5966     1.0000     0.4034     0.8523     0.8523    -0.0000
103   0     0.0000     0.6645     0.6645     0.0000     0.0000     0.0000
104   0     0.0000     0.6645     0.6645     0.0000     0.0000     0.0000
105   0     0.0000    -1.3290    -1.3290     0.0000     0.0000     0.0000
106   0     0.0000     0.6645     0.6645     0.0000     0.0000     0.0000
107   0     0.0000     0.6645     0.6645     0.0000     0.0000     0.0000
108   0     0.0000    -1.3290    -1.3290     0.0000     0.0000     0.0000
109   0     0.0000     0.6645     0.6645     0.0000     0.0000     0.0000
110   0     0.0000     0.6645     0.6645     0.0000     0.0000     0.0000
111   0     0.0000    -1.3290    -1.3290     0.0000     0.0000     0.0000
112   0     0.0000     0.6645     0.6645     0.0000     0.0000     0.0000
113   0     0.0000     0.6645     0.6645     0.0000     0.0000     0.0000
114   0     0.0000    -1.3290    -1.3290     0.0000     0.0000     0.0000
115   0     0.0000     0.6645     0.6645     0.0000     0.0000     0.0000
116   0     0.0000     0.6645     0.6645     0.0000     0.0000     0.0000
117   0     0.0000    -1.3290    -1.3290     0.0000     0.0000     0.0000
118   0     0.0000     0.6645     0.6645     0.0000     0.0000     0.0000
119   0     0.0000     0.6645     0.6645     0.0000     0.0000     0.0000
120   0     0.0000    -1.3290    -1.3290     0.0000     0.0000     0.0000
121   0     0.0000     0.6645     0.6645     0.0000     0.0000     0.0000
122   0     0.0000     0.6645     0.6645     0.0000     0.0000     0.0000
123   0     0.0000    -1.3290    -1.3290     0.0000     0.0000     0.0000
124   0     0.0000     0.6645     0.6645     0.0000     0.0000     0.0000
125   0     0.0000     0.6645     0.6645     0.0000     0.0000     0.0000
126   0     0.0000    -1.3290    -1.3290     0.0000     0.0000     0.0000
127   0     0.0000     0.6645     0.6645     0.0000     0.0000     0.0000
128   0     0.0000     0.6645     0.6645     0.0000     0.0000     0.0000
129   0     0.0000    -1.3290    -1.3290     0.0000     0.0000     0.0000
130   0     0.0000     0.6645     0.6645     0.0000     0.0000     0.0000
131   0     0.0000     0.6645     0.6645     0.0000     0.0000     0.0000
132   0     0.0000    -1.3290    -1.3290     0.0000     0.0000     0.0000
133   0     0.0000     0.6645     0.6645     0.0000     0.0000     0.0000
134   0     0.0000     0.6645     0.6645     0.0000     0.0000     0.0000
135   0     0.0000    -1.3290    -1.3290     0.0000     0.0000     0.0000
136   0     0.0000     0.6645     0.6645     0.0000     0.0000     0.0000
137   0     0.0000     0.6645     0.6645     0.0000     0.0000     0.0000
138   0     0.0000    -1.3290    -1.3290     0.0000     0.0000     0.0000
139   0     0.0000     0.6645     0.6645     0.0000     0.0000     0.0000
140   0     0.0000     0.6645     0.6645     0.0000     0.0000     0.0000
141   0     0.0000    -1.3290    -1.3290     0.0000     0.0000     0.0000
142   0     0.0000     0.6645     0.6645     0.0000     0.0000     0.0000
143   0     0.0000     0.6645     0.6645     0.0000     0.0000     0.0000
144   0     0.0000    -1.3290    -1.3290     0.0000     0.0000     0.0000
145   0     0.0000     0.6645     0.6645     0.0000     0.0000     0.0000
146   0     0.0000     0.6645     0.6645     0.0000     0.0000     0.0000
147   0     0.0000    -1.3290    -1.3290     0.0000     0.0000     0.0000
148   0     0.0000     0.6645     0.6645     0.0000     0.0000     0.0000
149   0     0.0000     0.6645     0.6645     0.0000     0.0000     0.0000
150   0     0.0000    -1.3290    -1.3290     0.0000     0.0000     0.0000
151   0     0.0000     0.6645     0.6645     0.0000     0.0000     0.0000
152   0     0.0000     0.6645     0.6645     0.0000     0.0000     0.0000
153   0     0.0000    -1.3290    -1.3290     0.0000     0.0000     0.0000
154   0     0.0000     0.6645     0.6645     0.0000     0.0000     0.0000
155   0     0.0000     0.6645     0.6645     0.0000     0.0000     0.0000
156   0     0.0000    -1.3290    -1.3290     0.0000     0.0000     0.0000
157   0     0.0000     0.6645     0.6645     0.0000     0.0000     0.0000
158   0     0.0000     0.6645     0.6645     0.0000     0.0000     0.0000
159   0     0.0000    -1.3290    -1.3290     0.0000     0.0000     0.0000
160   0     0.0000     0.6645     0.6645     0.0000     0.0000     0.0000
161   0     0.0000     0.6645     0.6645     0.0000     0.0000     0.0000
162   0     0.0000    -1.3290    -1.3290     0.0000     0.0000     0.0000
163   0     0.0000     0.6645     0.6645     0.0000     0.0000     0.0000
164   0     0.0000     0.6645     0.6645     0.0000     0.0000     0.0000
165   0     0.0000    -1.3290    -1.3290     0.0000     0.0000     0.0000
166   0     0.0000     0.6645     0.6645     0.0000     0.0000     0.0000
167   0     0.0000     0.6645     0.6645     0.0000     0.0000     0.0000
168   0     0.0000    -1.3290    -1.3290     0.0000     0.0000     0.0000
169   0     0.0000     0.6645     0.6645     0.0000     0.0000     0.0000
170   0     0.0000     0.6645     0.6645     0.0000     0.0000     0.0000
171   0     0.0000    -1.3290    -1.3290     0.0000     0.0000     0.0000
172   0     0.0000     0.6645     0.6645     0.0000     0.0000     0.0000
173   0     0.0000     0.6645     0.6645     0.0000     0.0000     0.0000
174   0     0.0000    -1.3290    -1.3290     0.0000     0.0000     0.0000
175   0     0.0000     0.6645     0.6645     0.0000     0.0000     0.0000
176   0     0.0000     0.6645     0.6645     0.0000     0.0000     0.0000
177   0     0.0000    -1.3290    -1.3290     0.0000     0.0000     0.0000
178   0     0.0000     0.6645     0.6645     0.0000     0.0000     0.0000
179   0     0.0000     0.6645     0.6645     0.0000     0.0000     0.0000
180   0     0.0000    -1.3290    -1.3290     0.0000     0.0000     0.0000
181   0     0.0000     0.6645     0.6645     0.0000     0.0000     0.0000
182   0     0.0000     0.6645     0.6645     0.0000     0.0000     0.0000
183   0     0.0000    -1.3290    -1.3290     0.0000     0.0000     0.0000
184   0     0.0000     0.6645     0.6645     0.0000     0.0000     0.0000
185   0     0.0000     0.6645     0.6645     0.0000     0.0000     0.0000
186   0     0.0000    -1.3290    -1.3290     0.0000     0.0000     0.0000
187   0     0.0000     0.6645     0.6645     0.0000     0.0000     0.0000
188   0     0.0000     0.6645     0.6645     0.0000     0.0000     0.0000
189   0     0.0000    -1.3290    -1.3290     0.0000     0.0000     0.0000
190   0     0.0000     0.6645     0.6645     0.0000     0.0000     0.0000
191   0     0.0000     0.6645     0.6645     0.0000     0.0000     0.0000
192   0     0.0000    -1.3290    -1.3290     0.0000     0.0000     0.0000
193   0     0.0000     0.6645     0.6645     0.0000     0.0000     0.0000
194   0     0.0000     0.6645     0.6645     0.0000     0.0000     0.0000
195   0     0.0000    -1.3290    -1.3290     0.0000     0.0000     0.0000
196   0     0.0000     0.6645     0.6645     0.0000     0.0000     0.0000
197   0     0.0000     0.6645     0.6645     0.0000     0.0000     0.0000
198   0     0.0000    -1.3290    -1.3290     0.0000     0.0000     0.0000
199   0     0.0000     0.6645     0.6645     0.0000     0.0000     0.0000
200   0     0.0000     0.6645     0.6645     0.0000     0.0000     0.0000
201   0     0.0000    -1.3290    -1.3290     0.0000     0.0000     0.0000
202   0     0.0000     0.6645     0.6645     0.0000     0.0000     0.0000
203   0     0.0000     0.6645     0.6645     0.0000     0.0000     0.0000
204   0     0.0000    -1.3290    -1.3290     0.0000     0.0000     0.0000
205   0     0.0000     0.6645     0.6645     0.0000     0.0000     0.0000
206   0     0.0000     0.6645     0.6645     0.0000     0.0000     0.0000
207   0     0.0000    -1.3290    -1.3290     0.0000     0.0000     0.0000
208   0     0.0000     0.6645     0.6645     0.0000     0.0000     0.0000
209   0     0.0000     0.6645     0.6645     0.0000     0.0000     0.0000
210   0     0.0000    -1.3290    -1.3290     0.0000     0.0000     0.0000
211   0     0.0000     0.6645     0.6645     0.0000     0.0000     0.0000
212   0     0.0000     0.6645     0.6645     0.0000     0.0000     0.0000
213   0     0.0000    -1.3290    -1.3290     0.0000     0.0000     0.0000
214   0     0.0000     0.6645     0.6645     0.0000     0.0000     0.0000
215   0     0.0000     0.6645     0.6645     0.0000     0.0000     0.0000
216   0     0.0000    -1.3290    -1.3290     0.0000     0.0000     0.0000
217   0     0.0000     0.6645     0.6645     0.0000     0.0000     0.0000
218   0     0.0000     0.6645     0.6645     0.0000     0.0000     0.0000
219   0     0.0000    -1.3290    -1.3290     0.0000     0.0000     0.0000
220   0     0.0000     0.6645     0.6645     0.0000     0.0000     0.0000
221   0     0.0000     0.6645     0.6645     0.0000     0.0000     0.0000
222   0     0.0000    -1.3290    -1.3290     0.0000     0.0000     0.0000
223   0     0.0000     0.6645     0.6645     0.0000     0.0000     0.0000
224   0     0.0000     0.6645     0.6645     0.0000     0.0000     0.0000
225   0     0.0000    -1.3290    -1.3290     0.0000     0.0000     0.0000
226   0     0.0000     0.6645     0.6645     0.0000     0.0000     0.0000
227   0     0.0000     0.6645     0.6645     0.0000     0.0000     0.0000
228   0     0.0000    -1.3290    -1.3290     0.0000     0.0000     0.0000
229   0     0.0000     0.6645     0.6645     0.0000     0.0000     0.0000
230   0     0.0000     0.6645     0.6645     0.0000     0.0000     0.0000
231   0     0.0000    -1.3290    -1.3290     0.0000     0.0000     0.0000
232   0     0.0000     0.6645     0.6645     0.0000     0.0000     0.0000
233   0     0.0000     0.6645     0.6645     0.0000     0.0000     0.0000
234   0     0.0000    -1.3290    -1.3290     0.0000     0.0000     0.0000
235   0     0.0000     0.6645     0.6645     0.0000     0.0000     0.0000
236   0     0.0000     0.6645     0.6645     0.0000     0.0000     0.0000
237   0     0.0000    -1.3290    -1.3290     0.0000     0.0000     0.0000
238   0     0.0000     0.6645     0.6645     0.0000     0.0000     0.0000
239   0     0.0000     0.6645     0.6645     0.0000     0.0000     0.0000
240   0     0.0000    -1.3290    -1.3290     0.0000     0.0000     0.0000
241   0     0.0000     0.6645     0.6645     0.0000     0.0000     0.0000
242   0     0.0000     0.6645     0.6645     0.0000     0.0000     0.0000
243   0     0.0000    -1.3290    -1.3290     0.0000     0.0000     0.0000
244   0     0.0000     0.6645     0.6645     0.0000     0.0000     0.0000
245   0     0.0000     0.6645     0.6645     0.0000     0.0000     0.0000
246   0     0.0000    -1.3290    -1.3290     0.0000     0.0000     0.0000
247   0     0.0000     0.6645     0.6645     0.0000     0.0000     0.0000
248   0     0.0000     0.6645     0.6645     0.0000     0.0000     0.0000
249   0     0.0000    -1.3290    -1.3290     0.0000     0.0000     0.0000
250   0     0.0000     0.6645     0.6645     0.0000     0.0000     0.0000
251   0     0.0000     0.6645     0.6645     0.0000     0.0000     0.0000
252   0     0.0000    -1.3290    -1.3290     0.0000     0.0000     0.0000
253   0     0.0000     0.6645     0.6645     0.0000     0.0000     0.0000
254   0     0.0000     0.6645     0.6645     0.0000     0.0000     0.0000
255   0     0.0000    -1.3290    -1.3290     0.0000     0.0000     0.0000
256   0     0.0000     0.6645     0.6645     0.0000     0.0000     0.0000
257   0     0.0000     0.6645     0.6645     0.0000     0.0000     0.0000
258   0     0.0000    -1.3290    -1.3290     0.0000     0.0000     0.0000
259   0     0.0000     0.6645     0.6645     0.0000     0.0000     0.0000
260   0     0.0000     0.6645     0.6645     0.0000     0.0000     0.0000
261   0     0.0000    -1.3290    -1.3290     0.0000     0.0000     0.0000
262   0     0.0000     0.6645     0.6645     0.0000     0.0000     0.0000
263   0     0.0000     0.6645     0.6645     0.0000     0.0000     0.0000
264   0     0.0000    -1.3290    -1.3290     0.0000     0.0000     0.0000
265   0     0.0000     0.6645     0.6645     0.0000     0.0000     0.0000
266   0     0.0000     0.6645     0.6645     0.0000     0.0000     0.0000
267   0     0.0000    -1.3290    -1.3290     0.0000     0.0000     0.0000
268   0     0.0000     0.6645     0.6645     0.0000     0.0000     0.0000
269   0     0.0000     0.6645     0.6645     0.0000     0.0000     0.0000
270   0     0.0000    -1.3290    -1.3290     0.0000     0.0000     0.0000
271   0     0.0000     0.6645     0.6645     0.0000     0.0000     0.0000
272   0     0.0000     0.6645     0.6645     0.0000     0.0000     0.0000
273   0     0.0000    -1.3290    -1.3290     0.0000     0.0000     0.0000
274   0     0.0000     0.6645     0.6645     0.0000     0.0000     0.0000
275   0     0.0000     0.6645     0.6645     0.0000     0.0000     0.0000
276   0     0.0000    -1.3290    -1.3290     0.0000     0.0000     0.0000
277   0     0.0000     0.6645     0.6645     0.0000     0.0000     0.0000
278   0     0.0000     0.6645     0.6645     0.0000     0.0000     0.0000
279   0     0.0000    -1.3290    -1.3290     0.0000     0.0000     0.0000
280   0     0.0000     0.6645     0.6645     0.0000     0.0000     0.0000
281   0     0.0000     0.6645     0.6645     0.0000     0.0000     0.0000
282   0     0.0000    -1.3290    -1.3290     0.0000     0.0000     0.0000
283   0     0.0000     0.6645     0.6645     0.0000     0.0000     0.0000
284   0     0.0000     0.6645     0.6645     0.0000     0.0000     0.0000
285   0     0.0000    -1.3290    -1.3290     0.0000     0.0000     0.0000
286   0     0.0000     0.6645     0.6645     0.0000     0.0000     0.0000
287   0     0.0000     0.6645     0.6645     0.0000     0.0000     0.0000
288   0     0.0000    -1.3290    -1.3290     0.0000     0.0000     0.0000
289   0     0.0000     0.6645     0.6645     0.0000     0.0000     0.0000
290   0     0.0000     0.6645     0.6645     0.0000     0.0000     0.0000
291   0     0.0000    -1.3290    -1.3290     0.0000     0.0000     0.0000
292   0     0.0000     0.6645     0.6645     0.0000     0.0000     0.0000
293   0     0.0000     0.6645     0.6645     0.0000     0.0000     0.0000
294   0     0.0000    -1.3290    -1.3290     0.0000     0.0000     0.0000
295   0     0.0000     0.6645     0.6645     0.0000     0.0000     0.0000
296   0     0.0000     0.6645     0.6645     0.0000     0.0000     0.0000
297   0     0.0000    -1.3290    -1.3290     0.0000     0.0000     0.0000
298   0     0.0000     0.6645     0.6645     0.0000     0.0000     0.0000
299   0     0.0000     0.6645     0.6645     0.0000     0.0000     0.0000
300   0     0.0000    -1.3290    -1.3290     0.0000     0.0000     0.0000
301   0     0.0000     0.6645     0.6645     0.0000     0.0000     0.0000
302   0     0.0000     0.6645     0.6645     0.0000     0.0000     0.0000
303   0     0.0000    -1.3290    -1.3290     0.0000     0.0000     0.0000
304   0     0.0000     0.6645     0.6645     0.0000     0.0000     0.0000
305   0     0.0000     0.6645     0.6645     0.0000     0.0000     0.0000
306   0     0.0000    -1.3290    -1.3290     0.0000     0.0000     0.0000
307   0     0.0000     0.6645     0.6645     0.0000     0.0000     0.0000
308   0     0.0000     0.6645     0.6645     0.0000     0.0000     0.0000
309   0     0.0000    -1.3290    -1.3290     0.0000     0.0000     0.0000
310   0     0.0000     0.6645     0.6645     0.0000     0.0000     0.0000
311   0     0.0000     0.6645     0.6645     0.0000     0.0000     0.0000
312   0     0.0000    -1.3290    -1.3290     0.0000     0.0000     0.0000
313   0     0.0000     0.6645     0.6645     0.0000     0.0000     0.0000
314   0     0.0000     0.6645     0.6645     0.0000     0.0000     0.0000
315   0     0.0000    -1.3290    -1.3290     0.0000     0.0000     0.0000
316   0     0.0000     0.6645     0.6645     0.0000     0.0000     0.0000
317   0     0.0000     0.6645     0.6645     0.0000     0.0000     0.0000
318   0     0.0000    -1.3290    -1.3290     0.0000     0.0000     0.0000
319   0     0.0000     0.6645     0.6645     0.0000     0.0000     0.0000
320   0     0.0000     0.6645     0.6645     0.0000     0.0000     0.0000
321   0     0.0000    -1.3290    -1.3290     0.0000     0.0000     0.0000
322   0     0.0000     0.6645     0.6645     0.0000     0.0000     0.0000
323   0     0.0000     0.6645     0.6645     0.0000     0.0000     0.0000
324   0     0.0000    -1.3290    -1.3290     0.0000     0.0000     0.0000
325   0     0.0000     0.6645     0.6645     0.0000     0.0000     0.0000
326   0     0.0000     0.6645     0.6645     0.0000     0.0000     0.0000
327   0     0.0000    -1.3290    -1.3290     0.0000     0.0000     0.0000
328   0     0.0000     0.6645     0.6645     0.0000     0.0000     0.0000
329   0     0.0000     0.6645     0.6645     0.0000     0.0000     0.0000
330   0     0.0000    -1.3290    -1.3290     0.0000     0.0000     0.0000
331   0     0.0000     0.6645     0.6645     0.0000     0.0000     0.0000
332   0     0.0000     0.6645     0.6645     0.0000     0.0000     0.0000
333   0     0.0000    -1.3290    -1.3290     0.0000     0.0000     0.0000
334   0     0.0000     0.6645     0.6645     0.0000     0.0000     0.0000
335   0     0.0000     0.6645     0.6645     0.0000     0.0000     0.0000
336   0     0.0000    -1.3290    -1.3290     0.0000     0.0000     0.0000
337   0     0.0000     0.6645     0.6645     0.0000     0.0000     0.0000
338   0     0.0000     0.6645     0.6645     0.0000     0.0000     0.0000
339   0     0.0000    -1.3290    -1.3290     0.0000     0.0000     0.0000
340   0     0.0000     0.6645     0.6645     0.0000     0.0000     0.0000
341   0     0.0000     0.6645     0.6645     0.0000     0.0000     0.0000
342   0     0.0000    -1.3290    -1.3290     0.0000     0.0000     0.0000
343   0     0.0000     0.6645     0.6645     0.0000     0.0000     0.0000
344   0     0.0000     0.6645     0.6645     0.0000     0.0000     0.0000
345   0     0.0000    -1.3290    -1.3290     0.0000     0.0000     0.0000
346   0     0.0000     0.6645     0.6645     0.0000     0.0000     0.0000
347   0     0.0000     0.6645     0.6645     0.0000     0.0000     0.0000
348   0     0.0000    -1.3290    -1.3290     0.0000     0.0000     0.0000
349   0     0.0000     0.6645     0.6645     0.0000     0.0000     0.0000
350   0     0.0000     0.6645     0.6645     0.0000     0.0000     0.0000
351   0     0.0000    -1.3290    -1.3290     0.0000     0.0000     0.0000
352   0     0.0000     0.6645     0.6645     0.0000     0.0000     0.0000
353   0     0.0000     0.6645     0.6645     0.0000     0.0000     0.0000
354   0     0.0000    -1.3290    -1.3290     0.0000     0.0000     0.0000
355   0     0.0000     0.6645     0.6645     0.0000     0.0000     0.0000
356   0     0.0000     0.6645     0.6645     0.0000     0.0000     0.0000
357   0     0.0000    -1.3290    -1.3290     0.0000     0.0000     0.0000
358   0     0.0000     0.6645     0.6645     0.0000     0.0000     0.0000
359   0     0.0000     0.6645     0.6645     0.0000     0.0000     0.0000
360   0     0.0000    -1.3290    -1.3290     0.0000     0.0000     0.0000
361   0     0.0000     0.6645     0.6645     0.0000     0.0000     0.0000
362   0     0.0000     0.6645     0.6645     0.0000     0.0000     0.0000
363   0     0.0000    -1.3290    -1.3290     0.0000     0.0000     0.0000
364   0     0.0000     0.6645     0.6645     0.0000     0.0000     0.0000
365   0     0.0000     0.6645     0.6645     0.0000     0.0000     0.0000
366   0     0.0000    -1.3290    -1.3290     0.0000     0.0000     0.0000
367   0     0.0000     0.6645     0.6645     0.0000     0.0000     0.0000
368   0     0.0000     0.6645     0.6645     0.0000     0.0000     0.0000
369   0     0.0000    -1.3290    -1.3290     0.0000     0.0000     0.0000
370   0     0.0000     0.6645     0.6645     0.0000     0.0000     0.0000
371   0     0.0000     0.6645     0.6645     0.0000     0.0000     0.0000
372   0     0.0000    -1.3290    -1.3290     0.0000     0.0000     0.0000
373   0     0.0000     0.6645     0.6645     0.0000     0.0000     0.0000
374   0     0.0000     0.6645     0.6645     0.0000     0.0000     0.0000
375   0     0.0000    -1.3290    -1.3290     0.0000     0.0000     0.0000
376   0     0.0000     0.6645     0.6645     0.0000     0.0000     0.0000
377   0     0.0000     0.6645     0.6645     0.0000     0.0000     0.0000
378   0     0.0000    -1.3290    -1.3290     0.0000     0.0000     0.0000
379   0     0.0000     0.6645     0.6645     0.0000     0.0000     0.0000
380   0     0.0000     0.6645     0.6645     0.0000     0.0000     0.0000
381   0     0.0000    -1.3290    -1.3290     0.0000     0.0000     0.0000
382   0     0.0000     0.6645     0.6645     0.0000     0.0000     0.0000
383   0     0.0000     0.6645     0.6645     0.0000     0.0000     0.0000
384   0     0.0000    -1.3290    -1.3290     0.0000     0.0000     0.0000
385   0     0.0000     0.6645     0.6645     0.0000     0.0000     0.0000
386   0     0.0000     0.6645     0.6645     0.0000     0.0000     0.0000
387   0     0.0000    -1.3290    -1.3290     0.0000     0.0000     0.0000
388   0     0.0000     0.6645     0.6645     0.0000     0.0000     0.0000
389   0     0.0000     0.6645     0.6645     0.0000     0.0000     0.0000
390   0     0.0000    -1.3290    -1.3290     0.0000     0.0000     0.0000
391   0     0.0000     0.6645     0.6645     0.0000     0.0000     0.0000
392   0     0.0000     0.6645     0.6645     0.0000     0.0000     0.0000
393   0     0.0000    -1.3290    -1.3290     0.0000     0.0000     0.0000
394   0     0.0000     0.6645     0.6645     0.0000     0.0000     0.0000
395   0     0.0000     0.6645     0.6645     0.0000     0.0000     0.0000
396   0     0.0000    -1.3290    -1.3290     0.0000     0.0000     0.0000
397   0     0.0000     0.6645     0.6645     0.0000     0.0000     0.0000
398   0     0.0000     0.6645     0.6645     0.0000     0.0000     0.0000
399   0     0.0000    -1.3290    -1.3290     0.0000     0.0000     0.0000
400   0     0.0000     0.6645     0.6645     0.0000     0.0000     0.0000
401   0     0.0000     0.6645     0.6645     0.0000     0.0000     0.0000
402   0     0.0000    -1.3290    -1.3290     0.0000     0.0000     0.0000
403   0     0.0000     0.6645     0.6645     0.0000     0.0000     0.0000
404   0     0.0000     0.6645     0.6645     0.0000     0.0000     0.0000
405   0     0.0000    -1.3290    -1.3290     0.0000     0.0000     0.0000
406   0     0.0000     0.6645     0.6645     0.0000     0.0000     0.0000
407   0     0.0000     0.6645     0.6645     0.0000     0.0000     0.0000
408   0     0.0000    -1.3290    -1.3290     0.0000     0.0000     0.0000
409   0     0.0000     0.6645     0.6645     0.0000     0.0000     0.0000
410   0     0.0000     0.6645     0.6645     0.0000     0.0000     0.0000
411   0     0.0000    -1.3290    -1.3290     0.0000     0.0000     0.0000
412   0     0.0000     0.6645     0.6645     0.0000     0.0000     0.0000
413   0     0.0000     0.6645     0.6645     0.0000     0.0000     0.0000
414   0     0.0000    -1.3290    -1.3290     0.0000     0.0000     0.0000
415   0     0.0000     0.6645     0.6645     0.0000     0.0000     0.0000
416   0     0.0000     0.6645     0.6645     0.0000     0.0000     0.0000
417   0     0.0000    -1.3290    -1.3290     0.0000     0.0000     0.0000
418   0     0.0000     0.6645     0.6645     0.0000     0.0000     0.0000
419   0     0.0000     0.6645     0.6645     0.0000     0.0000     0.0000
420   0     0.0000    -1.3290    -1.3290     0.0000     0.0000     0.0000
421   0     0.0000     0.6645     0.6645     0.0000     0.0000     0.0000
422   0     0.0000     0.6645     0.6645     0.0000     0.0000     0.0000
423   0     0.0000    -1.3290    -1.3290     0.0000     0.0000     0.0000
424   0     0.0000     0.6645     0.6645     0.0000     0.0000     0.0000
425   0     0.0000     0.6645     0.6645     0.0000     0.0000     0.0000
426   0     0.0000    -1.3290    -1.3290     0.0000     0.0000     0.0000
427   0     0.0000     0.6645     0.6645     0.0000     0.0000     0.0000
428   0     0.0000     0.6645     0.6645     0.0000     0.0000     0.0000
429   0     0.0000    -1.3290    -1.3290     0.0000     0.0000     0.0000
430   0     0.0000     0.6645     0.6645     0.0000     0.0000     0.0000
431   0     0.0000     0.6645     0.6645     0.0000     0.0000     0.0000
432   0     0.0000    -1.3290    -1.3290     0.0000     0.0000     0.0000
433   0     0.0000     0.6645     0.6645     0.0000     0.0000     0.0000
434   0     0.0000     0.6645     0.6645     0.0000     0.0000     0.0000
435   0     0.0000    -1.3290    -1.3290     0.0000     0.0000     0.0000
436   0     0.0000     0.6645     0.6645     0.0000     0.0000     0.0000
437   0     0.0000     0.6645     0.6645     0.0000     0.0000     0.0000
438   0     0.0000    -1.3290    -1.3290     0.0000     0.0000     0.0000
439   0     0.0000     0.6645     0.6645     0.0000     0.0000     0.0000
440   0     0.0000     0.6645     0.6645     0.0000     0.0000     0.0000
441   0     0.0000    -1.3290    -1.3290     0.0000     0.0000     0.0000
442   0     0.0000     0.6645     0.6645     0.0000     0.0000     0.0000
443   0     0.0000     0.6645     0.6645     0.0000     0.0000     0.0000
444   0     0.0000    -1.3290    -1.3290     0.0000     0.0000     0.0000
445   0     0.0000     0.6645     0.6645     0.0000     0.0000     0.0000
446   0     0.0000     0.6645     0.6645     0.0000     0.0000     0.0000
447   0     0.0000    -1.3290    -1.3290     0.0000     0.0000     0.0000
448   0     0.0000     0.6645     0.6645     0.0000     0.0000     0.0000
449   0     0.0000     0.6645     0.6645     0.0000     0.0000     0.0000
450   0     0.0000    -1.3290    -1.3290     0.0000     0.0000     0.0000
451   0     0.0000     0.6645     0.6645     0.0000     0.0000     0.0000
452   0     0.0000     0.6645     0.6645     0.0000     0.0000     0.0000
453   0     0.0000    -1.3290    -1.3290     0.0000     0.0000     0.0000
454   0     0.0000     0.6645     0.6645     0.0000     0.0000     0.0000
455   0     0.0000     0.6645     0.6645     0.0000     0.0000     0.0000
456   0     0.0000    -1.3290    -1.3290     0.0000     0.0000     0.0000
457   0     0.0000     0.6645     0.6645     0.0000     0.0000     0.0000
458   0     0.0000     0.6645     0.6645     0.0000     0.0000     0.0000
459   0     0.0000    -1.3290    -1.3290     0.0000     0.0000     0.0000
460   0     0.0000     0.6645     0.6645     0.0000     0.0000     0.0000
461   0     0.0000     0.6645     0.6645     0.0000     0.0000     0.0000
462   0     0.0000    -1.3290    -1.3290     0.0000     0.0000     0.0000
463   0     0.0000     0.6645     0.6645     0.0000     0.0000     0.0000
464   0     0.0000     0.6645     0.6645     0.0000     0.0000     0.0000
465   0     0.0000    -1.3290    -1.3290     0.0000     0.0000     0.0000
466   0     0.0000     0.6645     0.6645     0.0000     0.0000     0.0000
467   0     0.0000     0.6645     0.6645     0.0000     0.0000     0.0000
468   0     0.0000    -1.3290    -1.3290     0.0000     0.0000     0.0000
469   0     0.0000     0.6645     0.6645     0.0000     0.0000     0.0000
470   0     0.0000     0.6645     0.6645     0.0000     0.0000     0.0000
471   0     0.0000    -1.3290    -1.3290     0.0000     0.0000     0.0000
472   0     0.0000     0.6645     0.6645     0.0000     0.0000     0.0000
473   0     0.0000     0.6645     0.6645     0.0000     0.0000     0.0000
474   0     0.0000    -1.3290    -1.3290     0.0000     0.0000     0.0000
475   0     0.0000     0.6645     0.6645     0.0000     0.0000     0.0000
476   0     0.0000     0.6645     0.6645     0.0000     0.0000     0.0000
477   0     0.0000    -1.3290    -1.3290     0.0000     0.0000     0.0000
478   0     0.0000     0.6645     0.6645     0.0000     0.0000     0.0000
479   0     0.0000     0.6645     0.6645     0.0000     0.0000     0.0000
480   0     0.0000    -1.3290    -1.3290     0.0000     0.0000     0.0000
481   0     0.0000     0.6645     0.6645     0.0000     0.0000     0.0000
482   0     0.0000     0.6645     0.6645     0.0000     0.0000     0.0000
483   0     0.0000    -1.3290    -1.3290     0.0000     0.0000     0.0000
484   0     0.0000     0.6645     0.6645     0.0000     0.0000     0.0000
485   0     0.0000     0.6645     0.6645     0.0000     0.0000     0.0000
486   0     0.0000    -1.3290    -1.3290     0.0000     0.0000     0.0000
487   0     0.0000     0.6645     0.6645     0.0000     0.0000     0.0000
488   0     0.0000     0.6645     0.6645     0.0000     0.0000     0.0000
489   0     0.0000    -1.3290    -1.3290     0.0000     0.0000     0.0000
490   0     0.0000     0.6645     0.6645     0.0000     0.0000     0.0000
491   0     0.0000     0.6645     0.6645     0.0000     0.0000     0.0000
492   0     0.0000    -1.3290    -1.3290     0.0000     0.0000     0.0000
493   0     0.0000     0.6645     0.6645     0.0000     0.0000     0.0000
494   0     0.0000     0.6645     0.6645     0.0000     0.0000     0.0000
495   0     0.0000    -1.3290    -1.3290     0.0000     0.0000     0.0000
496   0     0.0000     0.6645     0.6645     0.0000     0.0000     0.0000
497   0     0.0000     0.6645     0.6645     0.0000     0.0000     0.0000
498   0     0.0000    -1.3290    -1.3290     0.0000     0.0000     0.0000
499   0     0.0000     0.6645     0.6645     0.0000     0.0000     0.0000
500   0     0.0000     0.6645     0.6645     0.0000     0.0000     0.0000
501   0     0.0000    -1.3290    -1.3290     0.0000     0.0000     0.0000
502   0     0.0000     0.6645     0.6645     0.0000     0.0000     0.0000
503   0     0.0000     0.6645     0.6645     0.0000     0.0000     0.0000
504   0     0.0000    -1.3290    -1.3290     0.0000     0.0000     0.0000
505   0     0.0000     0.6645     0.6645     0.0000     0.0000     0.0000
506   0     0.0000     0.6645     0.6645     0.0000     0.0000     0.0000
507   0     0.0000    -1.3290    -1.3290     0.0000     0.0000     0.0000
508   0     0.0000     0.6645     0.6645     0.0000     0.0000     0.0000
509   0     0.0000     0.6645     0.6645     0.0000     0.0000     0.0000
510   0     0.0000    -1.3290    -1.3290     0.0000     0.0000     0.0000
511   0     0.0000     0.6645     0.6645     0.0000     0.0000     0.0000
512   0     0.0000     0.6645     0.6645     0.0000     0.0000     0.0000
513   0     0.0000    -1.3290    -1.3290     0.0000     0.0000     0.0000
514   0     0.0000     0.6645     0.6645     0.0000     0.0000     0.0000
515   0     0.0000     0.6645     0.6645     0.0000     0.0000     0.0000
516   0     0.0000    -1.3290    -1.3290     0.0000     0.0000     0.0000
517   0     0.0000     0.6645     0.6645     0.0000     0.0000     0.0000
518   0     0.0000     0.6645     0.6645     0.0000     0.0000     0.0000
519   0     0.0000    -1.3290    -1.3290     0.0000     0.0000     0.0000
520   0     0.0000     0.6645     0.6645     0.0000     0.0000     0.0000
521   0     0.0000     0.6645     0.6645     0.0000     0.0000     0.0000
522   0     0.0000    -1.3290    -1.3290     0.0000     0.0000     0.0000
523   0     0.0000     0.6645     0.6645     0.0000     0.0000     0.0000
524   0     0.0000     0.6645     0.6645     0.0000     0.0000     0.0000
525   0     0.0000    -1.3290    -1.3290     0.0000     0.0000     0.0000
526   0     0.0000     0.6645     0.6645     0.0000     0.0000     0.0000
527   0     0.0000     0.6645     0.6645     0.0000     0.0000     0.0000
528   0     0.0000    -1.3290    -1.3290     0.0000     0.0000     0.0000
529   0     0.0000     0.6645     0.6645     0.0000     0.0000     0.0000
530   0     0.0000     0.6645     0.6645     0.0000     0.0000     0.0000
531   0     0.0000    -1.3290    -1.3290     0.0000     0.0000     0.0000
532   0     0.0000     0.6645     0.6645     0.0000     0.0000     0.0000
533   0     0.0000     0.6645     0.6645     0.0000     0.0000     0.0000
534   0     0.0000    -1.3290    -1.3290     0.0000     0.0000     0.0000
535   0     0.0000     0.6645     0.6645     0.0000     0.0000     0.0000
536   0     0.0000     0.6645     0.6645     0.0000     0.0000     0.0000
537   0     0.0000    -1.3290    -1.3290     0.0000     0.0000     0.0000
538   0     0.0000     0.6645     0.6645     0.0000     0.0000     0.0000
539   0     0.0000     0.6645     0.6645     0.0000     0.0000     0.0000
540   0     0.0000    -1.3290    -1.3290     0.0000     0.0000     0.0000
541   0     0.0000     0.6645     0.6645     0.0000     0.0000     0.0000
542   0     0.0000     0.6645     0.6645     0.0000     0.0000     0.0000
543   0     0.0000    -1.3290    -1.3290     0.0000     0.0000     0.0000
544   0     0.0000     0.6645     0.6645     0.0000     0.0000     0.0000
545   0     0.0000     0.6645     0.6645     0.0000     0.0000     0.0000
546   0     0.0000    -1.3290    -1.3290     0.0000     0.0000     0.0000
547   0     0.0000     0.6645     0.6645     0.0000     0.0000     0.0000
548   0     0.0000     0.6645     0.6645     0.0000     0.0000     0.0000
549   0     0.0000    -1.3290    -1.3290     0.0000     0.0000     0.0000
550   0     0.0000     0.6645     0.6645     0.0000     0.0000     0.0000
551   0     0.0000     0.6645     0.6645     0.0000     0.0000     0.0000
552   0     0.0000    -1.3290    -1.3290     0.0000     0.0000     0.0000
553   0     0.0000     0.6645     0.6645     0.0000     0.0000     0.0000
554   0     0.0000     0.6645     0.6645     0.0000     0.0000     0.0000
555   0     0.0000    -1.3290    -1.3290     0.0000     0.0000     0.0000
556   0     0.0000     0.6645     0.6645     0.0000     0.0000     0.0000
557   0     0.0000     0.6645     0.6645     0.0000     0.0000     0.0000
558   0     0.0000    -1.3290    -1.3290     0.0000     0.0000     0.0000
559   0     0.0000     0.6645     0.6645     0.0000     0.0000     0.0000
560   0     0.0000     0.6645     0.6645     0.0000     0.0000     0.0000
561   0     0.0000    -1.3290    -1.3290     0.0000     0.0000     0.0000
562   0     0.0000     0.6645     0.6645     0.0000     0.0000     0.0000
563   0     0.0000     0.6645     0.6645     0.0000     0.0000     0.0000
564   0     0.0000    -1.3290    -1.3290     0.0000     0.0000     0.0000
565   0     0.0000     0.6645     0.6645     0.0000     0.0000     0.0000
566   0     0.0000     0.6645     0.6645     0.0000     0.0000     0.0000
567   0     0.0000    -1.3290    -1.3290     0.0000     0.0000     0.0000
568   0     0.0000     0.6645     0.6645     0.0000     0.0000     0.0000
569   0     0.0000     0.6645     0.6645     0.0000     0.0000     0.0000
570   0     0.0000    -1.3290    -1.3290     0.0000     0.0000     0.0000
571   0     0.0000     0.6645     0.6645     0.0000     0.0000     0.0000
572   0     0.0000     0.6645     0.6645     0.0000     0.0000     0.0000
573   0     0.0000    -1.3290    -1.3290     0.0000     0.0000     0.0000
574   0     0.0000     0.6645     0.6645     0.0000     0.0000     0.0000
575   0     0.0000     0.6645     0.6645     0.0000     0.0000     0.0000
576   0     0.0000    -1.3290    -1.3290     0.0000     0.0000     0.0000
577   0     0.0000     0.6645     0.6645     0.0000     0.0000     0.0000
578   0     0.0000     0.6645     0.6645     0.0000     0.0000     0.0000
579   0     0.0000    -1.3290    -1.3290     0.0000     0.0000     0.0000
580   0     0.0000     0.6645     0.6645     0.0000     0.0000     0.0000
581   0     0.0000     0.6645     0.6645     0.0000     0.0000     0.0000
582   0     0.0000    -1.3290    -1.3290     0.0000     0.0000     0.0000
583   0     0.0000     0.6645     0.6645     0.0000     0.0000     0.0000
584   0     0.0000     0.6645     0.6645     0.0000     0.0000     0.0000
585   0     0.0000    -1.3290    -1.3290     0.0000     0.0000     0.0000
586   0     0.0000     0.6645     0.6645     0.0000     0.0000     0.0000
587   0     0.0000     0.6645     0.6645     0.0000     0.0000     0.0000
588   0     0.0000    -1.3290    -1.3290     0.0000     0.0000     0.0000
589   0     0.0000     0.6645     0.6645     0.0000     0.0000     0.0000
590   0     0.0000     0.6645     0.6645     0.0000     0.0000     0.0000
591   0     0.0000    -1.3290    -1.3290     0.0000     0.0000     0.0000
592   0     0.0000     0.6645     0.6645     0.0000     0.0000     0.0000
593   0     0.0000     0.6645     0.6645     0.0000     0.0000     0.0000
594   0     0.0000    -1.3290    -1.3290     0.0000     0.0000     0.0000
595   0     0.0000     0.6645     0.6645     0.0000     0.0000     0.0000
596   0     0.0000     0.6645     0.6645     0.0000     0.0000     0.0000
597   0     0.0000    -1.3290    -1.3290     0.0000     0.0000     0.0000
598   0     0.0000     0.6645     0.6645     0.0000     0.0000     0.0000
599   0     0.0000     0.6645     0.6645     0.0000     0.0000     0.0000
600   0     0.0000    -1.3290    -1.3290     0.0000     0.0000     0.0000
601   0     0.0000     0.6645     0.6645     0.0000     0.0000     0.0000
602   0     0.0000     0.6645     0.6645     0.0000     0.0000     0.0000
603   0     0.0000    -1.3290    -1.3290     0.0000     0.0000     0.0000
      Bond orders larger than 0.1000000
           Atom A     A.N. of A          Atom B    A.N. of B              Bond order
                0             6               1            1                0.963963
                0             6               2            1                1.026171
                0             6               3            6                0.819405
                0             6               6            6                0.136833
                0             6              14            8                0.869558
                3             6               4            1                0.993906
                3             6               5            1                1.018508
                3             6               6            6                0.796505
                3             6               9            6                0.122019
                6             6               7            1                1.058824
                6             6               8            1                1.055212
                6             6               9            6                0.798379
                9             6              10            1                0.930132
                9             6              11            1                0.964245
                9             6              12            8                0.770816
               12             8              13            1                0.939487
               14             8              15            1                1.017548
               14             8              19            8                0.117731
               15             1              19            8               -0.133492
               16             8              17            1                0.846374
               16             8              18            1                0.967471
               19             8              20            1                0.857755
               19             8              21            1                0.945336
               22             8              23            1                0.926316
               22             8              24            1                0.856189
               25             8              26            1                0.940777
               25             8              27            1                0.896767
               28             8              29            1                0.897414
               28             8              30            1                0.918808
               31             8              32            1                0.939841
               31             8              33            1                0.948657
               34             8              35            1                0.946720
               34             8              36            1                0.883337
               37             8              38            1                0.948116
               37             8              39            1                0.936161
               40             8              41            1                0.920974
               40             8              42            1                0.950311
               43             8              44            1                0.937959
               43             8              45            1                0.913996
               46             8              47            1                0.921683
               46             8              48            1                0.967755
               49             8              50            1                0.927903
               49             8              51            1                0.870755
               52             8              53            1                0.815831
               52             8              54            1                0.873636
               55             8              56            1                0.927504
               55             8              57            1                0.881656
               58             8              59            1                0.978181
               58             8              60            1                0.857819
               61             8              62            1                0.951544
               61             8              63            1                0.937093
               64             8              65            1                0.921265
               64             8              66            1                0.962108
               67             8              68            1                0.937779
               67             8              69            1                0.949273
               70             8              71            1                0.892608
               70             8              72            1                0.977380
               73             8              74            1                0.923908
               73             8              75            1                0.889806
               76             8              77            1                0.883325
               76             8              78            1                0.945803
               79             8              80            1                0.907387
               79             8              81            1                0.872611
               82             8              83            1                0.912358
               82             8              84            1                0.909457
               85             8              86            1                0.926028
               85             8              87            1                0.904637
               88             8              89            1                0.911580
               88             8              90            1                0.878024
               91             8              92            1                0.943465
               91             8              93            1                0.949024
               94             8              95            1                0.847091
               94             8              96            1                0.865338
               97             8              98            1                0.929318
               97             8              99            1                0.940909
              100             8             101            1                0.848797
              100             8             102            1                0.815270
# -----------------------------------------------------------
$ SCF_Electric_Properties
   description: The SCF Calculated Electric Properties
   geom. index: 1
   prop. index: 1
       Filename                          : final069.orca.scfp 
       Do Dipole Moment Calculation      : true 
       Do Quadrupole Moment Calculation  : false 
       Do Polarizability Calculation     : false 
** Dipole moment part of electric properties **
        Magnitude of dipole moment (Debye) :       42.1106175844
        Electronic Contribution:
                  0    
      0      -1.695345
      1       0.041159
      2      -1.908868
        Nuclear Contribution:
                  0    
      0       3.767891
      1      15.325458
      2       7.743730
        Total Dipole moment:
                  0    
      0       2.072546
      1      15.366616
      2       5.834862
# -------------------------------------------------------------
----------------------- !GEOMETRIES! ------------------------
# -------------------------------------------------------------
------------------------ !GEOMETRY! -------------------------
    Number of atoms:    604 
    Geometry Index:     1 
    Coordinates:
               0 C     12.920000000000   10.380000000000   10.730000000000
               1 H     13.710000000000    9.770000000000   10.990000000000
               2 H     13.290000000000   11.390000000000   10.520000000000
               3 C     12.000000000000   10.460000000000   11.990000000000
               4 H     11.550000000000    9.430000000000   12.100000000000
               5 H     12.640000000000   10.620000000000   12.850000000000
               6 C     10.890000000000   11.490000000000   11.970000000000
               7 H     11.210000000000   12.450000000000   11.590000000000
               8 H     10.520000000000   11.660000000000   12.960000000000
               9 C      9.750000000000   11.060000000000   11.040000000000
              10 H      9.280000000000   10.080000000000   11.360000000000
              11 H     10.130000000000   11.060000000000   10.020000000000
              12 O      8.650000000000   12.040000000000   11.160000000000
              13 H      8.170000000000   12.030000000000   12.050000000000
              14 O     12.320000000000    9.850000000000    9.630000000000
              15 H     12.930000000000    9.980000000000    8.920000000000
              16 O      6.720000000000    8.840000000000   12.020000000000
              17 H      6.200000000000    9.570000000000   11.500000000000
              18 H      6.050000000000    8.300000000000   12.510000000000
              19 O     13.850000000000    9.740000000000    7.110000000000
              20 H     14.750000000000   10.130000000000    7.320000000000
              21 H     13.330000000000   10.500000000000    6.890000000000
              22 O     12.730000000000    6.610000000000   11.900000000000
              23 H     12.600000000000    5.750000000000   12.340000000000
              24 H     12.080000000000    6.740000000000   11.180000000000
              25 O      5.600000000000   10.930000000000   10.350000000000
              26 H      5.070000000000   10.590000000000    9.610000000000
              27 H      6.230000000000   11.570000000000    9.950000000000
              28 O     14.790000000000    7.650000000000    8.350000000000
              29 H     14.760000000000    7.810000000000    9.300000000000
              30 H     14.260000000000    8.230000000000    7.770000000000
              31 O     12.640000000000    4.250000000000   13.440000000000
              32 H     13.330000000000    4.290000000000   14.120000000000
              33 H     12.670000000000    3.390000000000   12.990000000000
              34 O     15.180000000000    8.970000000000    4.520000000000
              35 H     15.210000000000    8.000000000000    4.350000000000
              36 H     14.660000000000    9.180000000000    5.340000000000
              37 O     10.050000000000    5.860000000000   13.280000000000
              38 H     10.700000000000    6.450000000000   12.880000000000
              39 H     10.430000000000    5.010000000000   13.550000000000
              40 O      6.950000000000   11.160000000000   13.970000000000
              41 H      6.730000000000   10.430000000000   13.460000000000
              42 H      6.080000000000   11.250000000000   14.390000000000
              43 O      7.730000000000   10.220000000000    8.030000000000
              44 H      8.090000000000    9.800000000000    7.210000000000
              45 H      8.300000000000   11.000000000000    8.020000000000
              46 O      9.170000000000   12.610000000000    7.900000000000
              47 H      8.960000000000   13.510000000000    7.550000000000
              48 H      9.110000000000   12.690000000000    8.810000000000
              49 O      8.440000000000    8.250000000000    9.730000000000
              50 H      8.020000000000    8.140000000000   10.540000000000
              51 H      8.210000000000    9.110000000000    9.320000000000
              52 O      5.000000000000    9.710000000000    7.650000000000
              53 H      5.910000000000   10.140000000000    7.860000000000
              54 H      4.960000000000    8.820000000000    7.990000000000
              55 O     10.750000000000   14.060000000000   14.190000000000
              56 H     11.080000000000   14.630000000000   14.890000000000
              57 H      9.800000000000   13.940000000000   14.450000000000
              58 O      3.880000000000   10.450000000000   12.740000000000
              59 H      3.350000000000    9.700000000000   12.610000000000
              60 H      4.230000000000   10.740000000000   11.850000000000
              61 O     12.420000000000   11.040000000000   15.550000000000
              62 H     13.200000000000   11.590000000000   15.620000000000
              63 H     11.670000000000   11.670000000000   15.330000000000
              64 O      6.190000000000   13.180000000000    8.670000000000
              65 H      6.100000000000   12.970000000000    7.730000000000
              66 H      6.610000000000   14.040000000000    8.910000000000
              67 O     16.340000000000    9.820000000000   12.120000000000
              68 H     17.260000000000    9.550000000000   12.020000000000
              69 H     16.170000000000   10.210000000000   12.940000000000
              70 O      3.420000000000   13.110000000000    9.810000000000
              71 H      3.350000000000   13.190000000000   10.800000000000
              72 H      4.330000000000   13.070000000000    9.600000000000
              73 O     17.740000000000    8.030000000000    8.950000000000
              74 H     16.950000000000    8.440000000000    8.660000000000
              75 H     17.680000000000    7.060000000000    8.890000000000
              76 O      5.100000000000    6.930000000000   13.610000000000
              77 H      4.510000000000    6.100000000000   13.740000000000
              78 H      5.900000000000    6.730000000000   14.080000000000
              79 O     13.850000000000    5.140000000000    7.460000000000
              80 H     14.050000000000    6.040000000000    7.710000000000
              81 H     13.280000000000    4.700000000000    8.180000000000
              82 O      8.050000000000   13.830000000000   14.370000000000
              83 H      7.350000000000   14.170000000000   14.940000000000
              84 H      7.700000000000   12.970000000000   14.250000000000
              85 O     11.950000000000   12.020000000000    6.460000000000
              86 H     11.320000000000   12.160000000000    7.220000000000
              87 H     12.700000000000   12.660000000000    6.670000000000
              88 O     16.850000000000    5.470000000000    9.570000000000
              89 H     16.300000000000    5.190000000000    8.800000000000
              90 H     16.200000000000    5.990000000000   10.180000000000
              91 O     16.540000000000   10.390000000000    7.300000000000
              92 H     17.220000000000    9.780000000000    6.930000000000
              93 H     17.050000000000   10.980000000000    7.850000000000
              94 O     11.040000000000    7.270000000000    9.960000000000
              95 H     11.560000000000    8.100000000000    9.800000000000
              96 H     10.080000000000    7.540000000000    9.810000000000
              97 O      9.500000000000   15.020000000000   11.260000000000
              98 H      9.510000000000   14.140000000000   11.660000000000
              99 H     10.380000000000   15.170000000000   10.840000000000
             100 O     15.240000000000    7.480000000000   11.310000000000
             101 H     15.600000000000    8.320000000000   11.740000000000
             102 H     14.300000000000    7.260000000000   11.530000000000
             103 Q      9.550000000000   19.570000000000    8.380000000000
             104 Q      9.430000000000   20.100000000000    9.870000000000
             105 Q      9.330000000000   19.540000000000    9.230000000000
             106 Q      7.770000000000   17.140000000000   15.900000000000
             107 Q      6.990000000000   17.530000000000   17.190000000000
             108 Q      7.250000000000   16.980000000000   16.560000000000
             109 Q      6.000000000000   19.020000000000   14.550000000000
             110 Q      5.500000000000   20.480000000000   14.940000000000
             111 Q      6.070000000000   19.830000000000   14.870000000000
             112 Q     18.200000000000   14.100000000000    8.220000000000
             113 Q     18.650000000000   15.320000000000    9.040000000000
             114 Q     18.360000000000   14.950000000000    8.380000000000
             115 Q     16.520000000000    2.530000000000    9.130000000000
             116 Q     17.180000000000    3.700000000000    9.940000000000
             117 Q     16.890000000000    2.870000000000    9.820000000000
             118 Q      6.400000000000   10.050000000000   18.530000000000
             119 Q      6.900000000000    8.830000000000   19.150000000000
             120 Q      6.410000000000    9.240000000000   18.630000000000
             121 Q     19.720000000000    3.200000000000    9.410000000000
             122 Q     19.920000000000    4.670000000000    9.580000000000
             123 Q     20.020000000000    3.870000000000    9.800000000000
             124 Q     11.990000000000   16.390000000000   15.990000000000
             125 Q     10.710000000000   17.040000000000   15.270000000000
             126 Q     11.250000000000   16.440000000000   15.560000000000
             127 Q      2.110000000000   14.240000000000   13.110000000000
             128 Q      0.810000000000   15.100000000000   12.900000000000
             129 Q      1.430000000000   14.730000000000   13.360000000000
             130 Q     13.730000000000   17.250000000000   16.410000000000
             131 Q     12.980000000000   17.160000000000   17.800000000000
             132 Q     13.570000000000   16.930000000000   17.190000000000
             133 Q     16.590000000000   11.630000000000   11.470000000000
             134 Q     17.040000000000   12.690000000000   12.490000000000
             135 Q     16.820000000000   12.390000000000   11.720000000000
             136 Q     13.030000000000    7.270000000000    3.680000000000
             137 Q     12.190000000000    5.980000000000    3.760000000000
             138 Q     12.820000000000    6.500000000000    4.000000000000
             139 Q     15.140000000000   15.240000000000    9.860000000000
             140 Q     15.110000000000   16.320000000000    8.890000000000
             141 Q     14.830000000000   15.620000000000    9.190000000000
             142 Q     16.860000000000    6.260000000000   13.900000000000
             143 Q     15.760000000000    6.410000000000   12.880000000000
             144 Q     16.120000000000    6.100000000000   13.570000000000
             145 Q      8.550000000000   16.360000000000   18.080000000000
             146 Q      9.030000000000   17.550000000000   18.900000000000
             147 Q      8.910000000000   16.740000000000   18.740000000000
             148 Q      7.120000000000    9.190000000000   16.870000000000
             149 Q      7.740000000000    9.710000000000   15.450000000000
             150 Q      7.560000000000    9.160000000000   16.100000000000
             151 Q     18.740000000000   12.820000000000    3.100000000000
             152 Q     19.740000000000   13.690000000000    3.940000000000
             153 Q     19.320000000000   13.460000000000    3.240000000000
             154 Q      9.460000000000   21.950000000000   10.820000000000
             155 Q      8.660000000000   20.830000000000   11.460000000000
             156 Q      9.400000000000   21.210000000000   11.230000000000
             157 Q     14.970000000000    5.840000000000    3.680000000000
             158 Q     16.450000000000    5.810000000000    4.190000000000
             159 Q     15.800000000000    6.090000000000    3.700000000000
             160 Q     14.470000000000   12.920000000000    3.770000000000
             161 Q     15.360000000000   14.030000000000    4.140000000000
             162 Q     14.710000000000   13.510000000000    4.260000000000
             163 Q     21.880000000000    7.210000000000   12.390000000000
             164 Q     20.510000000000    7.790000000000   12.170000000000
             165 Q     21.090000000000    7.260000000000   12.530000000000
             166 Q     18.210000000000   12.640000000000    9.810000000000
             167 Q     19.200000000000   11.860000000000    8.950000000000
             168 Q     18.490000000000   12.260000000000    9.100000000000
             169 Q      3.940000000000    6.230000000000    5.490000000000
             170 Q      2.930000000000    5.110000000000    5.160000000000
             171 Q      3.350000000000    5.630000000000    5.670000000000
             172 Q     12.570000000000    2.890000000000    9.650000000000
             173 Q     11.290000000000    3.810000000000    9.650000000000
             174 Q     12.020000000000    3.470000000000    9.340000000000
             175 Q     10.540000000000    3.810000000000   17.470000000000
             176 Q     12.000000000000    3.600000000000   17.490000000000
             177 Q     11.310000000000    3.940000000000   17.200000000000
             178 Q      2.640000000000   11.700000000000    6.260000000000
             179 Q      2.770000000000   10.360000000000    5.640000000000
             180 Q      2.590000000000   10.870000000000    6.280000000000
             181 Q      7.730000000000    4.960000000000   15.770000000000
             182 Q      8.070000000000    3.620000000000   15.150000000000
             183 Q      7.670000000000    4.120000000000   15.710000000000
             184 Q     14.370000000000   18.940000000000   15.130000000000
             185 Q     12.990000000000   18.420000000000   14.440000000000
             186 Q     13.740000000000   18.360000000000   14.900000000000
             187 Q      2.330000000000   13.950000000000    6.750000000000
             188 Q      3.570000000000   13.990000000000    5.750000000000
             189 Q      2.880000000000   13.630000000000    6.170000000000
             190 Q      8.860000000000    5.200000000000   19.250000000000
             191 Q      9.740000000000    5.560000000000   20.390000000000
             192 Q      9.010000000000    5.540000000000   19.990000000000
             193 Q      1.600000000000   15.620000000000    8.470000000000
             194 Q      2.160000000000   14.360000000000    9.160000000000
             195 Q      1.600000000000   14.790000000000    8.700000000000
             196 Q     10.570000000000   19.110000000000    6.200000000000
             197 Q      9.130000000000   19.690000000000    6.330000000000
             198 Q      9.930000000000   19.590000000000    6.510000000000
             199 Q     17.310000000000    7.030000000000    2.760000000000
             200 Q     18.070000000000    8.220000000000    2.820000000000
             201 Q     18.020000000000    7.410000000000    2.690000000000
             202 Q     11.060000000000   14.220000000000   18.490000000000
             203 Q     11.560000000000   13.930000000000   19.860000000000
             204 Q     11.660000000000   14.190000000000   19.060000000000
             205 Q     12.570000000000    9.860000000000   16.800000000000
             206 Q     12.570000000000    9.410000000000   18.330000000000
             207 Q     12.610000000000    9.300000000000   17.470000000000
             208 Q      5.110000000000   11.610000000000    6.430000000000
             209 Q      6.380000000000   12.260000000000    5.620000000000
             210 Q      5.720000000000   12.190000000000    6.200000000000
             211 Q      8.430000000000   12.260000000000    4.670000000000
             212 Q      7.490000000000   12.900000000000    3.780000000000
             213 Q      7.840000000000   12.800000000000    4.500000000000
             214 Q     19.790000000000   13.330000000000   14.030000000000
             215 Q     18.670000000000   14.310000000000   14.320000000000
             216 Q     19.090000000000   13.750000000000   13.840000000000
             217 Q     13.680000000000   11.430000000000    1.710000000000
             218 Q     14.280000000000   12.830000000000    1.570000000000
             219 Q     14.220000000000   12.050000000000    1.840000000000
             220 Q      9.980000000000    9.950000000000    0.810000000000
             221 Q     10.180000000000    8.410000000000    1.060000000000
             222 Q      9.730000000000    9.160000000000    1.010000000000
             223 Q      3.300000000000    9.280000000000   17.440000000000
             224 Q      4.340000000000    9.260000000000   18.460000000000
             225 Q      3.590000000000    9.140000000000   18.190000000000
             226 Q     21.030000000000    8.870000000000    8.300000000000
             227 Q     22.370000000000    8.030000000000    8.760000000000
             228 Q     21.580000000000    8.190000000000    8.400000000000
             229 Q     20.730000000000   10.410000000000   14.550000000000
             230 Q     22.040000000000    9.740000000000   14.410000000000
             231 Q     21.550000000000   10.390000000000   14.350000000000
             232 Q      7.450000000000   16.590000000000    8.530000000000
             233 Q      6.500000000000   17.000000000000    7.230000000000
             234 Q      7.250000000000   16.930000000000    7.750000000000
             235 Q     10.910000000000   18.450000000000   10.190000000000
             236 Q     11.680000000000   17.170000000000   10.620000000000
             237 Q     11.480000000000   18.030000000000   10.630000000000
             238 Q     16.410000000000    8.640000000000   19.900000000000
             239 Q     16.380000000000    7.060000000000   19.520000000000
             240 Q     16.500000000000    7.910000000000   19.420000000000
             241 Q      1.900000000000    7.820000000000   11.500000000000
             242 Q      2.970000000000    7.400000000000   12.520000000000
             243 Q      2.270000000000    7.790000000000   12.280000000000
             244 Q     15.630000000000   15.500000000000    6.850000000000
             245 Q     16.890000000000   16.050000000000    7.240000000000
             246 Q     16.180000000000   16.070000000000    6.810000000000
             247 Q     -0.280000000000   16.640000000000   10.460000000000
             248 Q      0.960000000000   15.830000000000   10.430000000000
             249 Q      0.360000000000   16.250000000000   10.820000000000
             250 Q     19.040000000000   10.190000000000   18.740000000000
             251 Q     18.380000000000    8.730000000000   18.650000000000
             252 Q     18.800000000000    9.430000000000   18.350000000000
             253 Q     20.430000000000   14.000000000000   10.350000000000
             254 Q     21.440000000000   13.820000000000    9.200000000000
             255 Q     20.990000000000   13.590000000000    9.900000000000
             256 Q      9.660000000000    4.290000000000   10.960000000000
             257 Q      9.230000000000    4.290000000000    9.530000000000
             258 Q      9.590000000000    3.970000000000   10.220000000000
             259 Q      1.240000000000   11.360000000000   16.960000000000
             260 Q      1.990000000000   12.830000000000   16.690000000000
             261 Q      1.900000000000   11.970000000000   16.880000000000
             262 Q     12.820000000000   15.480000000000    9.610000000000
             263 Q     11.660000000000   15.800000000000    8.830000000000
             264 Q     12.050000000000   15.630000000000    9.530000000000
             265 Q     10.370000000000    2.910000000000   13.900000000000
             266 Q     10.780000000000    3.580000000000   15.240000000000
             267 Q     10.240000000000    3.240000000000   14.660000000000
             268 Q      2.110000000000    4.740000000000    8.850000000000
             269 Q      2.820000000000    4.810000000000    7.410000000000
             270 Q      2.750000000000    4.700000000000    8.280000000000
             271 Q     17.270000000000   19.990000000000   11.610000000000
             272 Q     16.690000000000   18.710000000000   12.250000000000
             273 Q     16.920000000000   19.220000000000   11.620000000000
             274 Q     19.380000000000   15.960000000000   11.510000000000
             275 Q     18.670000000000   14.610000000000   11.830000000000
             276 Q     18.990000000000   15.210000000000   11.310000000000
             277 Q      9.890000000000    3.650000000000    5.680000000000
             278 Q     10.220000000000    2.080000000000    6.050000000000
             279 Q     10.030000000000    2.790000000000    5.560000000000
             280 Q      4.140000000000    8.090000000000   14.850000000000
             281 Q      2.600000000000    8.460000000000   14.920000000000
             282 Q      3.440000000000    8.450000000000   15.170000000000
             283 Q     20.770000000000    5.550000000000   13.860000000000
             284 Q     20.350000000000    5.690000000000   15.230000000000
             285 Q     20.850000000000    5.430000000000   14.650000000000
             286 Q      8.490000000000    5.760000000000    5.480000000000
             287 Q      9.920000000000    5.950000000000    5.970000000000
             288 Q      9.170000000000    5.540000000000    5.910000000000
             289 Q      3.990000000000   10.530000000000   15.070000000000
             290 Q      3.320000000000   11.550000000000   16.040000000000
             291 Q      3.960000000000   11.200000000000   15.590000000000
             292 Q      9.610000000000    1.890000000000   15.690000000000
             293 Q      9.280000000000    1.390000000000   17.200000000000
             294 Q      9.250000000000    1.380000000000   16.310000000000
             295 Q     16.950000000000   16.390000000000   15.150000000000
             296 Q     17.360000000000   15.670000000000   16.450000000000
             297 Q     17.410000000000   15.890000000000   15.650000000000
             298 Q     12.550000000000    7.390000000000   17.090000000000
             299 Q     11.960000000000    5.980000000000   16.920000000000
             300 Q     12.550000000000    6.530000000000   17.110000000000
             301 Q      6.660000000000   16.760000000000   10.420000000000
             302 Q      7.950000000000   15.810000000000   10.550000000000
             303 Q      7.130000000000   16.050000000000   10.310000000000
             304 Q     17.690000000000   10.980000000000    2.450000000000
             305 Q     16.370000000000   11.700000000000    1.820000000000
             306 Q     17.220000000000   11.560000000000    1.980000000000
             307 Q      3.250000000000    3.900000000000   10.730000000000
             308 Q      4.560000000000    3.940000000000   11.600000000000
             309 Q      3.750000000000    3.680000000000   11.370000000000
             310 Q      2.250000000000    8.920000000000    9.600000000000
             311 Q      2.920000000000    7.570000000000    9.350000000000
             312 Q      2.310000000000    8.060000000000    9.610000000000
             313 Q     16.740000000000   12.270000000000   20.720000000000
             314 Q     16.630000000000   13.760000000000   20.750000000000
             315 Q     16.410000000000   12.990000000000   20.500000000000
             316 Q     15.140000000000    4.140000000000    7.330000000000
             317 Q     16.100000000000    2.910000000000    6.830000000000
             318 Q     15.790000000000    3.560000000000    7.360000000000
             319 Q      8.260000000000    8.880000000000    2.610000000000
             320 Q      7.260000000000    7.790000000000    2.940000000000
             321 Q      7.790000000000    8.430000000000    3.110000000000
             322 Q     20.830000000000   10.640000000000    9.420000000000
             323 Q     20.540000000000   10.940000000000    7.930000000000
             324 Q     20.430000000000   10.540000000000    8.680000000000
             325 Q      5.770000000000    3.250000000000    7.640000000000
             326 Q      4.570000000000    3.750000000000    8.560000000000
             327 Q      5.400000000000    3.460000000000    8.380000000000
             328 Q      8.640000000000    2.590000000000   18.580000000000
             329 Q      8.490000000000    3.460000000000   17.320000000000
             330 Q      8.760000000000    3.290000000000   18.120000000000
             331 Q     15.110000000000    5.050000000000   15.050000000000
             332 Q     13.950000000000    5.410000000000   15.990000000000
             333 Q     14.510000000000    4.900000000000   15.620000000000
             334 Q      9.320000000000   16.730000000000   12.160000000000
             335 Q      8.330000000000   17.680000000000   11.590000000000
             336 Q      8.820000000000   17.400000000000   12.180000000000
             337 Q     15.970000000000    9.820000000000   15.610000000000
             338 Q     17.380000000000   10.350000000000   15.120000000000
             339 Q     16.510000000000   10.290000000000   15.130000000000
             340 Q      7.150000000000    3.810000000000    6.340000000000
             341 Q      7.770000000000    2.440000000000    6.280000000000
             342 Q      7.140000000000    2.990000000000    6.240000000000
             343 Q      3.020000000000   12.500000000000   18.470000000000
             344 Q      2.420000000000   13.170000000000   19.530000000000
             345 Q      3.090000000000   12.950000000000   19.150000000000
             346 Q      2.660000000000   10.530000000000    8.420000000000
             347 Q      2.370000000000   11.560000000000    9.520000000000
             348 Q      2.350000000000   10.800000000000    9.150000000000
             349 Q     15.840000000000   17.920000000000    6.030000000000
             350 Q     16.430000000000   19.310000000000    5.720000000000
             351 Q     15.950000000000   18.650000000000    5.570000000000
             352 Q      7.200000000000   12.260000000000   18.680000000000
             353 Q      6.140000000000   12.540000000000   17.510000000000
             354 Q      6.630000000000   12.070000000000   18.050000000000
             355 Q      5.120000000000   15.650000000000    5.910000000000
             356 Q      5.800000000000   14.370000000000    5.310000000000
             357 Q      5.250000000000   15.040000000000    5.320000000000
             358 Q     17.110000000000    4.050000000000   13.630000000000
             359 Q     18.390000000000    3.100000000000   13.360000000000
             360 Q     17.690000000000    3.410000000000   13.760000000000
             361 Q     12.400000000000   18.830000000000    6.470000000000
             362 Q     12.700000000000   18.260000000000    5.060000000000
             363 Q     12.230000000000   18.370000000000    5.760000000000
             364 Q     16.750000000000    9.710000000000    4.130000000000
             365 Q     18.200000000000   10.200000000000    4.420000000000
             366 Q     17.560000000000    9.880000000000    3.950000000000
             367 Q     17.420000000000    4.790000000000    6.350000000000
             368 Q     18.360000000000    4.790000000000    5.090000000000
             369 Q     17.740000000000    5.060000000000    5.610000000000
             370 Q     13.880000000000    0.200000000000   12.820000000000
             371 Q     14.000000000000    1.320000000000   13.920000000000
             372 Q     13.780000000000    0.970000000000   13.130000000000
             373 Q      6.680000000000    5.700000000000    4.230000000000
             374 Q      6.060000000000    7.000000000000    4.910000000000
             375 Q      6.570000000000    6.320000000000    4.850000000000
             376 Q     15.400000000000   12.180000000000   15.370000000000
             377 Q     14.760000000000   12.880000000000   16.580000000000
             378 Q     14.880000000000   12.690000000000   15.780000000000
             379 Q     15.150000000000   12.860000000000   18.880000000000
             380 Q     13.700000000000   13.350000000000   18.590000000000
             381 Q     14.420000000000   12.890000000000   18.470000000000
             382 Q     11.400000000000   11.390000000000    0.870000000000
             383 Q     11.140000000000   11.170000000000    2.310000000000
             384 Q     11.520000000000   11.050000000000    1.590000000000
             385 Q     20.740000000000    9.700000000000    3.700000000000
             386 Q     19.940000000000    9.160000000000    4.890000000000
             387 Q     20.360000000000    9.730000000000    4.450000000000
             388 Q      5.070000000000   13.650000000000   19.260000000000
             389 Q      6.550000000000   14.130000000000   19.220000000000
             390 Q      5.710000000000   14.230000000000   19.220000000000
             391 Q      4.610000000000   16.820000000000    8.090000000000
             392 Q      4.210000000000   17.590000000000    6.840000000000
             393 Q      4.610000000000   16.980000000000    7.270000000000
             394 Q     13.170000000000   19.930000000000   12.240000000000
             395 Q     14.370000000000   20.200000000000   11.240000000000
             396 Q     13.950000000000   20.240000000000   11.950000000000
             397 Q      8.890000000000   18.850000000000   15.210000000000
             398 Q      8.960000000000   17.880000000000   14.040000000000
             399 Q      8.990000000000   18.100000000000   14.860000000000
             400 Q     14.440000000000    8.520000000000   16.910000000000
             401 Q     15.800000000000    8.520000000000   17.770000000000
             402 Q     15.280000000000    8.570000000000   17.070000000000
             403 Q     11.030000000000   19.510000000000   13.520000000000
             404 Q     11.670000000000   18.700000000000   12.460000000000
             405 Q     11.640000000000   19.090000000000   13.200000000000
             406 Q      9.290000000000    2.180000000000    9.750000000000
             407 Q      9.750000000000    1.010000000000    8.890000000000
             408 Q      9.270000000000    1.370000000000    9.460000000000
             409 Q      8.300000000000   15.780000000000    6.710000000000
             410 Q      8.460000000000   14.540000000000    5.890000000000
             411 Q      8.690000000000   15.060000000000    6.480000000000
             412 Q      3.640000000000   14.820000000000   17.380000000000
             413 Q      3.040000000000   15.430000000000   16.130000000000
             414 Q      3.130000000000   14.820000000000   16.730000000000
             415 Q     10.780000000000   13.060000000000   21.650000000000
             416 Q     12.400000000000   13.030000000000   21.420000000000
             417 Q     11.560000000000   12.760000000000   21.360000000000
             418 Q     13.170000000000    8.480000000000   22.290000000000
             419 Q     12.940000000000    9.290000000000   20.900000000000
             420 Q     12.810000000000    8.720000000000   21.540000000000
             421 Q     14.160000000000    0.780000000000    7.430000000000
             422 Q     13.540000000000    1.550000000000    6.080000000000
             423 Q     13.720000000000    0.910000000000    6.650000000000
             424 Q      7.940000000000    7.200000000000   20.440000000000
             425 Q      8.060000000000    8.400000000000   21.460000000000
             426 Q      7.760000000000    7.970000000000   20.780000000000
             427 Q      7.010000000000    5.420000000000   10.130000000000
             428 Q      6.690000000000    5.750000000000   11.490000000000
             429 Q      6.720000000000    5.940000000000   10.700000000000
             430 Q     12.880000000000   19.270000000000    9.000000000000
             431 Q     13.170000000000   20.620000000000    8.400000000000
             432 Q     13.040000000000   19.790000000000    8.380000000000
             433 Q     11.910000000000    3.290000000000    5.310000000000
             434 Q     13.140000000000    4.040000000000    5.790000000000
             435 Q     12.730000000000    3.480000000000    5.370000000000
             436 Q     14.610000000000   13.630000000000    6.340000000000
             437 Q     14.130000000000   14.290000000000    7.720000000000
             438 Q     14.340000000000   13.650000000000    7.160000000000
             439 Q     14.560000000000   17.630000000000    3.440000000000
             440 Q     13.340000000000   16.820000000000    3.660000000000
             441 Q     13.770000000000   17.520000000000    3.560000000000
             442 Q      3.260000000000    4.120000000000   13.280000000000
             443 Q      2.480000000000    4.500000000000   14.580000000000
             444 Q      3.130000000000    4.530000000000   14.020000000000
             445 Q     20.510000000000    6.530000000000    7.990000000000
             446 Q     19.920000000000    5.750000000000    6.800000000000
             447 Q     20.030000000000    5.920000000000    7.610000000000
             448 Q     11.600000000000   16.740000000000    6.700000000000
             449 Q     10.510000000000   15.500000000000    6.910000000000
             450 Q     11.310000000000   15.900000000000    6.840000000000
             451 Q     13.490000000000   11.220000000000   19.440000000000
             452 Q     12.210000000000   11.220000000000   20.140000000000
             453 Q     12.800000000000   10.850000000000   19.770000000000
             454 Q      4.830000000000    8.810000000000    5.910000000000
             455 Q      3.850000000000    8.550000000000    4.700000000000
             456 Q      4.490000000000    8.390000000000    5.250000000000
             457 Q      6.050000000000   15.120000000000   11.640000000000
             458 Q      6.220000000000   14.760000000000   13.220000000000
             459 Q      5.840000000000   15.030000000000   12.500000000000
             460 Q      8.100000000000   11.620000000000   16.840000000000
             461 Q      9.450000000000   10.890000000000   16.790000000000
             462 Q      8.920000000000   11.540000000000   16.680000000000
             463 Q     14.900000000000   20.290000000000   13.730000000000
             464 Q     16.040000000000   20.960000000000   14.510000000000
             465 Q     15.300000000000   20.560000000000   14.440000000000
             466 Q     17.430000000000    7.870000000000   15.650000000000
             467 Q     18.320000000000    6.580000000000   15.920000000000
             468 Q     17.880000000000    7.160000000000   15.420000000000
             469 Q      2.260000000000   16.380000000000   14.420000000000
             470 Q      2.870000000000   17.580000000000   15.230000000000
             471 Q      2.800000000000   16.770000000000   14.920000000000
             472 Q      5.910000000000    9.490000000000    3.280000000000
             473 Q      5.470000000000    9.030000000000    1.790000000000
             474 Q      5.450000000000    9.480000000000    2.550000000000
             475 Q      4.240000000000    6.370000000000    8.400000000000
             476 Q      5.390000000000    6.860000000000    9.250000000000
             477 Q      4.750000000000    6.960000000000    8.730000000000
             478 Q      4.180000000000   18.120000000000    9.910000000000
             479 Q      4.150000000000   16.690000000000   10.670000000000
             480 Q      4.150000000000   17.240000000000   10.010000000000
             481 Q      6.030000000000   15.030000000000   16.200000000000
             482 Q      4.910000000000   13.950000000000   15.940000000000
             483 Q      5.680000000000   14.250000000000   16.020000000000
             484 Q     16.000000000000   16.520000000000   12.610000000000
             485 Q     15.090000000000   17.110000000000   13.760000000000
             486 Q     15.820000000000   16.960000000000   13.330000000000
             487 Q     12.010000000000   15.160000000000    5.200000000000
             488 Q     13.230000000000   14.510000000000    4.530000000000
             489 Q     12.510000000000   14.980000000000    4.540000000000
             490 Q      0.300000000000    7.880000000000   15.830000000000
             491 Q      0.260000000000    7.270000000000   14.670000000000
             492 Q      0.570000000000    7.830000000000   15.120000000000
             493 Q      8.310000000000   13.270000000000   20.530000000000
             494 Q      8.760000000000   13.690000000000   19.050000000000
             495 Q      8.300000000000   13.280000000000   19.680000000000
             496 Q     12.420000000000    9.370000000000    2.160000000000
             497 Q     13.580000000000    9.460000000000    3.120000000000
             498 Q     13.020000000000    9.040000000000    2.660000000000
             499 Q     15.040000000000    2.500000000000   10.600000000000
             500 Q     13.860000000000    1.780000000000   11.510000000000
             501 Q     14.220000000000    2.270000000000   10.870000000000
             502 Q     20.460000000000   14.460000000000    5.770000000000
             503 Q     19.230000000000   14.860000000000    6.580000000000
             504 Q     19.650000000000   14.720000000000    5.880000000000
             505 Q      8.600000000000    6.620000000000   14.000000000000
             506 Q      7.950000000000    7.550000000000   14.960000000000
             507 Q      8.010000000000    6.830000000000   14.510000000000
             508 Q     21.210000000000   11.900000000000   10.930000000000
             509 Q     21.300000000000   10.870000000000   12.150000000000
             510 Q     21.080000000000   11.150000000000   11.370000000000
             511 Q     11.140000000000   14.830000000000    3.180000000000
             512 Q     10.290000000000   15.640000000000    2.170000000000
             513 Q     10.620000000000   14.940000000000    2.520000000000
             514 Q     16.370000000000   18.570000000000    9.850000000000
             515 Q     15.500000000000   19.210000000000    8.880000000000
             516 Q     16.010000000000   18.650000000000    9.110000000000
             517 Q     17.140000000000   15.540000000000    4.940000000000
             518 Q     17.860000000000   14.760000000000    3.820000000000
             519 Q     17.230000000000   15.190000000000    4.160000000000
             520 Q      6.630000000000   20.240000000000    7.770000000000
             521 Q      7.280000000000   18.900000000000    7.540000000000
             522 Q      6.970000000000   19.630000000000    7.290000000000
             523 Q      9.860000000000   10.440000000000    4.850000000000
             524 Q     10.870000000000   11.560000000000    5.090000000000
             525 Q     10.220000000000   11.180000000000    4.710000000000
             526 Q      4.780000000000    6.030000000000   18.180000000000
             527 Q      5.440000000000    7.060000000000   19.000000000000
             528 Q      5.300000000000    6.290000000000   18.760000000000
             529 Q     19.010000000000    8.810000000000   15.200000000000
             530 Q     19.020000000000    9.650000000000   16.460000000000
             531 Q     19.070000000000    9.520000000000   15.620000000000
             532 Q     15.320000000000    1.380000000000   16.180000000000
             533 Q     14.890000000000    2.820000000000   15.840000000000
             534 Q     14.980000000000    1.990000000000   15.710000000000
             535 Q     22.500000000000   10.870000000000    6.590000000000
             536 Q     21.010000000000   10.670000000000    5.860000000000
             537 Q     21.620000000000   11.010000000000    6.430000000000
             538 Q      6.030000000000    3.180000000000   12.940000000000
             539 Q      6.380000000000    4.430000000000   13.740000000000
             540 Q      6.280000000000    3.960000000000   13.070000000000
             541 Q     15.490000000000   16.050000000000   19.670000000000
             542 Q     14.000000000000   15.610000000000   19.270000000000
             543 Q     14.640000000000   15.960000000000   19.740000000000
             544 Q     10.820000000000    1.890000000000   11.460000000000
             545 Q     11.630000000000    1.370000000000   12.720000000000
             546 Q     11.150000000000    1.890000000000   12.240000000000
             547 Q     11.760000000000    6.120000000000    7.000000000000
             548 Q     12.030000000000    6.800000000000    5.790000000000
             549 Q     11.530000000000    6.630000000000    6.390000000000
             550 Q     19.660000000000    9.800000000000   11.300000000000
             551 Q     18.930000000000    8.600000000000   10.720000000000
             552 Q     19.230000000000    9.070000000000   11.370000000000
             553 Q      3.300000000000   12.120000000000   12.930000000000
             554 Q      4.200000000000   13.390000000000   12.820000000000
             555 Q      3.500000000000   12.900000000000   12.670000000000
             556 Q     16.040000000000   14.140000000000   11.450000000000
             557 Q     14.970000000000   14.880000000000   12.330000000000
             558 Q     15.630000000000   14.810000000000   11.770000000000
             559 Q      9.390000000000   13.610000000000   16.830000000000
             560 Q      9.900000000000   15.060000000000   16.640000000000
             561 Q      9.690000000000   14.370000000000   17.080000000000
             562 Q     18.760000000000   18.420000000000   11.590000000000
             563 Q     20.060000000000   18.500000000000   12.400000000000
             564 Q     19.550000000000   18.210000000000   11.820000000000
             565 Q      6.740000000000   19.490000000000   10.300000000000
             566 Q      6.540000000000   19.350000000000   11.910000000000
             567 Q      6.660000000000   19.080000000000   11.060000000000
             568 Q     12.200000000000    4.000000000000    2.780000000000
             569 Q     10.760000000000    3.810000000000    2.360000000000
             570 Q     11.490000000000    4.200000000000    2.420000000000
             571 Q     18.610000000000    8.180000000000    7.050000000000
             572 Q     18.300000000000    7.500000000000    5.820000000000
             573 Q     18.610000000000    8.090000000000    6.250000000000
             574 Q     13.180000000000    6.930000000000   20.300000000000
             575 Q     13.230000000000    6.340000000000   18.750000000000
             576 Q     13.320000000000    6.340000000000   19.640000000000
             577 Q      4.240000000000    5.240000000000   15.970000000000
             578 Q      3.400000000000    6.670000000000   16.030000000000
             579 Q      3.860000000000    5.970000000000   16.320000000000
             580 Q     12.780000000000   14.370000000000   13.440000000000
             581 Q     13.940000000000   14.020000000000   14.450000000000
             582 Q     13.580000000000   14.360000000000   13.750000000000
             583 Q      4.430000000000   17.390000000000   14.380000000000
             584 Q      5.290000000000   16.820000000000   13.250000000000
             585 Q      5.030000000000   17.410000000000   13.770000000000
             586 Q      8.710000000000    8.640000000000    4.850000000000
             587 Q      9.790000000000    8.350000000000    5.990000000000
             588 Q      9.140000000000    8.780000000000    5.600000000000
             589 Q      4.140000000000   18.930000000000   12.390000000000
             590 Q      4.290000000000   20.060000000000   11.420000000000
             591 Q      3.880000000000   19.570000000000   11.940000000000
             592 Q      8.190000000000    6.570000000000    8.980000000000
             593 Q      8.320000000000    5.560000000000    7.710000000000
             594 Q      8.390000000000    5.820000000000    8.530000000000
             595 Q     12.060000000000   18.000000000000   20.060000000000
             596 Q     11.260000000000   16.910000000000   19.300000000000
             597 Q     11.850000000000   17.490000000000   19.400000000000
             598 Q      6.110000000000   13.110000000000    2.140000000000
             599 Q      6.080000000000   11.500000000000    1.890000000000
             600 Q      6.450000000000   12.300000000000    1.980000000000
             601 Q      0.430000000000   13.460000000000   14.670000000000
             602 Q      0.040000000000   12.040000000000   15.080000000000
             603 Q      0.080000000000   12.900000000000   15.170000000000
