-------------------------------------------------------------
----------------------- !PROPERTIES! ------------------------
-------------------------------------------------------------
# -----------------------------------------------------------
$ PAL_Flags
   description: The PAL Flags
   geom. index: 1
   prop. index: 1
        Diskflag:     2
# -----------------------------------------------------------
$ SCF_Energy
   description: The SCF energy
   geom. index: 1
   prop. index: 1
        SCF Energy:    -2688.8117487968
# -----------------------------------------------------------
$ DFT_Energy
   description: The DFT energy
   geom. index: 1
   prop. index: 1
   Number of Alpha Electrons                170.0001794734 
   Number of Beta  Electrons                170.0001794734 
   Total number of  Electrons               340.0003589468 
   Exchange energy                         -238.6736281002 
   Correlation energy                       -13.7768515077 
   Correlation energy NL                      0.0000000000 
   Exchange-Correlation energy             -252.4504796079 
   Embedding correction                       0.0000000000 
   Total DFT Energy (No VdW correction)   -2688.8117487968 
# -----------------------------------------------------------
$ Mayer_Pop
   description: The Mayer population analysis
   geom. index: 1
   prop. index: 1
     Number of atoms                     : 607
     Threshold for printing              : 0.1000000
     Number of bond orders printed       : 75
  NA   - Mulliken gross atomic population
  ZA   - Total nuclear charge
  QA   - Mulliken gross atomic charge
  VA   - Mayer's total valence
  BVA  - Mayer's bonded valence
  FA   - Mayer's free valence
  ATOM       NA         ZA         QA         VA         BVA        FA
  0   0     6.1960     6.0000    -0.1960     3.5339     3.5339    -0.0000
  1   0     0.7904     1.0000     0.2096     0.9584     0.9584    -0.0000
  2   0     0.7567     1.0000     0.2433     0.9028     0.9028    -0.0000
  3   0     6.2499     6.0000    -0.2499     3.5776     3.5776    -0.0000
  4   0     0.7917     1.0000     0.2083     0.9711     0.9711    -0.0000
  5   0     0.8207     1.0000     0.1793     0.9528     0.9528    -0.0000
  6   0     6.3992     6.0000    -0.3992     3.5521     3.5521     0.0000
  7   0     0.7532     1.0000     0.2468     0.9247     0.9247     0.0000
  8   0     0.8486     1.0000     0.1514     0.9732     0.9732     0.0000
  9   0     6.3474     6.0000    -0.3474     3.7039     3.7039    -0.0000
 10   0     0.7655     1.0000     0.2345     0.9004     0.9004    -0.0000
 11   0     0.7705     1.0000     0.2295     0.9602     0.9602     0.0000
 12   0     8.6020     8.0000    -0.6020     1.8541     1.8541    -0.0000
 13   0     0.6783     1.0000     0.3217     0.8778     0.8778    -0.0000
 14   0     8.4995     8.0000    -0.4995     1.7954     1.7954     0.0000
 15   0     0.8013     1.0000     0.1987     1.0163     1.0163    -0.0000
 16   0     8.4589     8.0000    -0.4589     2.0267     2.0267    -0.0000
 17   0     0.7205     1.0000     0.2795     0.9479     0.9479    -0.0000
 18   0     0.7997     1.0000     0.2003     1.0283     1.0283    -0.0000
 19   0     8.5799     8.0000    -0.5799     2.0040     2.0040    -0.0000
 20   0     0.7489     1.0000     0.2511     0.9811     0.9811     0.0000
 21   0     0.7328     1.0000     0.2672     0.9576     0.9576    -0.0000
 22   0     8.5561     8.0000    -0.5561     2.0406     2.0406     0.0000
 23   0     0.6860     1.0000     0.3140     0.9327     0.9327     0.0000
 24   0     0.7297     1.0000     0.2703     0.9685     0.9685    -0.0000
 25   0     8.6222     8.0000    -0.6222     1.9212     1.9212     0.0000
 26   0     0.6667     1.0000     0.3333     0.9177     0.9177     0.0000
 27   0     0.7365     1.0000     0.2635     0.9587     0.9587     0.0000
 28   0     8.5258     8.0000    -0.5258     1.9492     1.9492    -0.0000
 29   0     0.7681     1.0000     0.2319     1.0181     1.0181    -0.0000
 30   0     0.7535     1.0000     0.2465     0.9917     0.9917     0.0000
 31   0     8.6437     8.0000    -0.6437     1.8961     1.8961     0.0000
 32   0     0.7008     1.0000     0.2992     0.9214     0.9214     0.0000
 33   0     0.6806     1.0000     0.3194     0.9245     0.9245     0.0000
 34   0     8.5748     8.0000    -0.5748     1.9605     1.9605    -0.0000
 35   0     0.7387     1.0000     0.2613     1.0131     1.0131    -0.0000
 36   0     0.7053     1.0000     0.2947     0.9605     0.9605    -0.0000
 37   0     8.4927     8.0000    -0.4927     1.9005     1.9005    -0.0000
 38   0     0.7798     1.0000     0.2202     1.0054     1.0054    -0.0000
 39   0     0.7349     1.0000     0.2651     0.9586     0.9586    -0.0000
 40   0     8.4122     8.0000    -0.4122     2.0189     2.0189    -0.0000
 41   0     0.7711     1.0000     0.2289     0.9864     0.9864    -0.0000
 42   0     0.7341     1.0000     0.2659     0.9641     0.9641    -0.0000
 43   0     8.5076     8.0000    -0.5076     1.8905     1.8905     0.0000
 44   0     0.7661     1.0000     0.2339     0.9744     0.9744     0.0000
 45   0     0.7345     1.0000     0.2655     0.9634     0.9634     0.0000
 46   0     8.5980     8.0000    -0.5980     1.8933     1.8933    -0.0000
 47   0     0.7131     1.0000     0.2869     0.9716     0.9716    -0.0000
 48   0     0.6775     1.0000     0.3225     0.9336     0.9336    -0.0000
 49   0     8.5597     8.0000    -0.5597     1.8396     1.8396    -0.0000
 50   0     0.7296     1.0000     0.2704     0.9510     0.9510    -0.0000
 51   0     0.7240     1.0000     0.2760     0.9506     0.9506     0.0000
 52   0     8.5357     8.0000    -0.5357     1.9413     1.9413    -0.0000
 53   0     0.7190     1.0000     0.2810     0.9477     0.9477    -0.0000
 54   0     0.6972     1.0000     0.3028     0.9510     0.9510     0.0000
 55   0     8.5904     8.0000    -0.5904     1.8287     1.8287    -0.0000
 56   0     0.7301     1.0000     0.2699     0.9676     0.9676    -0.0000
 57   0     0.7122     1.0000     0.2878     0.9466     0.9466    -0.0000
 58   0     8.6152     8.0000    -0.6152     1.9194     1.9194     0.0000
 59   0     0.6597     1.0000     0.3403     0.9314     0.9314    -0.0000
 60   0     0.7340     1.0000     0.2660     0.9851     0.9851     0.0000
 61   0     8.7647     8.0000    -0.7647     1.7383     1.7383    -0.0000
 62   0     0.6923     1.0000     0.3077     0.9111     0.9111    -0.0000
 63   0     0.5974     1.0000     0.4026     0.8791     0.8791    -0.0000
 64   0     8.4801     8.0000    -0.4801     1.9124     1.9124     0.0000
 65   0     0.7786     1.0000     0.2214     1.0149     1.0149    -0.0000
 66   0     0.7161     1.0000     0.2839     0.9455     0.9455     0.0000
 67   0     8.5371     8.0000    -0.5371     1.8767     1.8767    -0.0000
 68   0     0.7301     1.0000     0.2699     0.9555     0.9555    -0.0000
 69   0     0.7288     1.0000     0.2712     0.9641     0.9641    -0.0000
 70   0     8.6273     8.0000    -0.6273     1.9057     1.9057     0.0000
 71   0     0.7048     1.0000     0.2952     0.9473     0.9473     0.0000
 72   0     0.6649     1.0000     0.3351     0.9311     0.9311     0.0000
 73   0     8.6007     8.0000    -0.6007     1.8965     1.8965     0.0000
 74   0     0.6632     1.0000     0.3368     0.9137     0.9137     0.0000
 75   0     0.6952     1.0000     0.3048     0.9376     0.9376     0.0000
 76   0     8.4598     8.0000    -0.4598     1.8605     1.8605    -0.0000
 77   0     0.7988     1.0000     0.2012     1.0017     1.0017     0.0000
 78   0     0.7518     1.0000     0.2482     0.9749     0.9749     0.0000
 79   0     8.5095     8.0000    -0.5095     1.9155     1.9155     0.0000
 80   0     0.7501     1.0000     0.2499     0.9902     0.9902     0.0000
 81   0     0.7147     1.0000     0.2853     0.9431     0.9431     0.0000
 82   0     8.5754     8.0000    -0.5754     1.9283     1.9283    -0.0000
 83   0     0.6644     1.0000     0.3356     0.9148     0.9148    -0.0000
 84   0     0.7286     1.0000     0.2714     0.9612     0.9612    -0.0000
 85   0     8.5157     8.0000    -0.5157     1.9064     1.9064     0.0000
 86   0     0.7259     1.0000     0.2741     0.9458     0.9458    -0.0000
 87   0     0.7595     1.0000     0.2405     0.9859     0.9859     0.0000
 88   0     8.5102     8.0000    -0.5102     1.9527     1.9527    -0.0000
 89   0     0.7274     1.0000     0.2726     0.9537     0.9537     0.0000
 90   0     0.7154     1.0000     0.2846     0.9447     0.9447     0.0000
 91   0     8.5544     8.0000    -0.5544     1.9108     1.9108     0.0000
 92   0     0.7361     1.0000     0.2639     0.9907     0.9907     0.0000
 93   0     0.6926     1.0000     0.3074     0.9578     0.9578     0.0000
 94   0     8.6054     8.0000    -0.6054     1.8429     1.8429    -0.0000
 95   0     0.7173     1.0000     0.2827     0.9780     0.9780    -0.0000
 96   0     0.6853     1.0000     0.3147     0.9342     0.9342    -0.0000
 97   0     8.5181     8.0000    -0.5181     1.8941     1.8941     0.0000
 98   0     0.7565     1.0000     0.2435     1.0108     1.0108     0.0000
 99   0     0.7583     1.0000     0.2417     1.0043     1.0043     0.0000
100   0     8.6326     8.0000    -0.6326     1.8632     1.8632    -0.0000
101   0     0.6319     1.0000     0.3681     0.8772     0.8772    -0.0000
102   0     0.6943     1.0000     0.3057     0.9495     0.9495    -0.0000
103   0     0.0000     0.6645     0.6645     0.0000     0.0000     0.0000
104   0     0.0000     0.6645     0.6645     0.0000     0.0000     0.0000
105   0     0.0000    -1.3290    -1.3290     0.0000     0.0000     0.0000
106   0     0.0000     0.6645     0.6645     0.0000     0.0000     0.0000
107   0     0.0000     0.6645     0.6645     0.0000     0.0000     0.0000
108   0     0.0000    -1.3290    -1.3290     0.0000     0.0000     0.0000
109   0     0.0000     0.6645     0.6645     0.0000     0.0000     0.0000
110   0     0.0000     0.6645     0.6645     0.0000     0.0000     0.0000
111   0     0.0000    -1.3290    -1.3290     0.0000     0.0000     0.0000
112   0     0.0000     0.6645     0.6645     0.0000     0.0000     0.0000
113   0     0.0000     0.6645     0.6645     0.0000     0.0000     0.0000
114   0     0.0000    -1.3290    -1.3290     0.0000     0.0000     0.0000
115   0     0.0000     0.6645     0.6645     0.0000     0.0000     0.0000
116   0     0.0000     0.6645     0.6645     0.0000     0.0000     0.0000
117   0     0.0000    -1.3290    -1.3290     0.0000     0.0000     0.0000
118   0     0.0000     0.6645     0.6645     0.0000     0.0000     0.0000
119   0     0.0000     0.6645     0.6645     0.0000     0.0000     0.0000
120   0     0.0000    -1.3290    -1.3290     0.0000     0.0000     0.0000
121   0     0.0000     0.6645     0.6645     0.0000     0.0000     0.0000
122   0     0.0000     0.6645     0.6645     0.0000     0.0000     0.0000
123   0     0.0000    -1.3290    -1.3290     0.0000     0.0000     0.0000
124   0     0.0000     0.6645     0.6645     0.0000     0.0000     0.0000
125   0     0.0000     0.6645     0.6645     0.0000     0.0000     0.0000
126   0     0.0000    -1.3290    -1.3290     0.0000     0.0000     0.0000
127   0     0.0000     0.6645     0.6645     0.0000     0.0000     0.0000
128   0     0.0000     0.6645     0.6645     0.0000     0.0000     0.0000
129   0     0.0000    -1.3290    -1.3290     0.0000     0.0000     0.0000
130   0     0.0000     0.6645     0.6645     0.0000     0.0000     0.0000
131   0     0.0000     0.6645     0.6645     0.0000     0.0000     0.0000
132   0     0.0000    -1.3290    -1.3290     0.0000     0.0000     0.0000
133   0     0.0000     0.6645     0.6645     0.0000     0.0000     0.0000
134   0     0.0000     0.6645     0.6645     0.0000     0.0000     0.0000
135   0     0.0000    -1.3290    -1.3290     0.0000     0.0000     0.0000
136   0     0.0000     0.6645     0.6645     0.0000     0.0000     0.0000
137   0     0.0000     0.6645     0.6645     0.0000     0.0000     0.0000
138   0     0.0000    -1.3290    -1.3290     0.0000     0.0000     0.0000
139   0     0.0000     0.6645     0.6645     0.0000     0.0000     0.0000
140   0     0.0000     0.6645     0.6645     0.0000     0.0000     0.0000
141   0     0.0000    -1.3290    -1.3290     0.0000     0.0000     0.0000
142   0     0.0000     0.6645     0.6645     0.0000     0.0000     0.0000
143   0     0.0000     0.6645     0.6645     0.0000     0.0000     0.0000
144   0     0.0000    -1.3290    -1.3290     0.0000     0.0000     0.0000
145   0     0.0000     0.6645     0.6645     0.0000     0.0000     0.0000
146   0     0.0000     0.6645     0.6645     0.0000     0.0000     0.0000
147   0     0.0000    -1.3290    -1.3290     0.0000     0.0000     0.0000
148   0     0.0000     0.6645     0.6645     0.0000     0.0000     0.0000
149   0     0.0000     0.6645     0.6645     0.0000     0.0000     0.0000
150   0     0.0000    -1.3290    -1.3290     0.0000     0.0000     0.0000
151   0     0.0000     0.6645     0.6645     0.0000     0.0000     0.0000
152   0     0.0000     0.6645     0.6645     0.0000     0.0000     0.0000
153   0     0.0000    -1.3290    -1.3290     0.0000     0.0000     0.0000
154   0     0.0000     0.6645     0.6645     0.0000     0.0000     0.0000
155   0     0.0000     0.6645     0.6645     0.0000     0.0000     0.0000
156   0     0.0000    -1.3290    -1.3290     0.0000     0.0000     0.0000
157   0     0.0000     0.6645     0.6645     0.0000     0.0000     0.0000
158   0     0.0000     0.6645     0.6645     0.0000     0.0000     0.0000
159   0     0.0000    -1.3290    -1.3290     0.0000     0.0000     0.0000
160   0     0.0000     0.6645     0.6645     0.0000     0.0000     0.0000
161   0     0.0000     0.6645     0.6645     0.0000     0.0000     0.0000
162   0     0.0000    -1.3290    -1.3290     0.0000     0.0000     0.0000
163   0     0.0000     0.6645     0.6645     0.0000     0.0000     0.0000
164   0     0.0000     0.6645     0.6645     0.0000     0.0000     0.0000
165   0     0.0000    -1.3290    -1.3290     0.0000     0.0000     0.0000
166   0     0.0000     0.6645     0.6645     0.0000     0.0000     0.0000
167   0     0.0000     0.6645     0.6645     0.0000     0.0000     0.0000
168   0     0.0000    -1.3290    -1.3290     0.0000     0.0000     0.0000
169   0     0.0000     0.6645     0.6645     0.0000     0.0000     0.0000
170   0     0.0000     0.6645     0.6645     0.0000     0.0000     0.0000
171   0     0.0000    -1.3290    -1.3290     0.0000     0.0000     0.0000
172   0     0.0000     0.6645     0.6645     0.0000     0.0000     0.0000
173   0     0.0000     0.6645     0.6645     0.0000     0.0000     0.0000
174   0     0.0000    -1.3290    -1.3290     0.0000     0.0000     0.0000
175   0     0.0000     0.6645     0.6645     0.0000     0.0000     0.0000
176   0     0.0000     0.6645     0.6645     0.0000     0.0000     0.0000
177   0     0.0000    -1.3290    -1.3290     0.0000     0.0000     0.0000
178   0     0.0000     0.6645     0.6645     0.0000     0.0000     0.0000
179   0     0.0000     0.6645     0.6645     0.0000     0.0000     0.0000
180   0     0.0000    -1.3290    -1.3290     0.0000     0.0000     0.0000
181   0     0.0000     0.6645     0.6645     0.0000     0.0000     0.0000
182   0     0.0000     0.6645     0.6645     0.0000     0.0000     0.0000
183   0     0.0000    -1.3290    -1.3290     0.0000     0.0000     0.0000
184   0     0.0000     0.6645     0.6645     0.0000     0.0000     0.0000
185   0     0.0000     0.6645     0.6645     0.0000     0.0000     0.0000
186   0     0.0000    -1.3290    -1.3290     0.0000     0.0000     0.0000
187   0     0.0000     0.6645     0.6645     0.0000     0.0000     0.0000
188   0     0.0000     0.6645     0.6645     0.0000     0.0000     0.0000
189   0     0.0000    -1.3290    -1.3290     0.0000     0.0000     0.0000
190   0     0.0000     0.6645     0.6645     0.0000     0.0000     0.0000
191   0     0.0000     0.6645     0.6645     0.0000     0.0000     0.0000
192   0     0.0000    -1.3290    -1.3290     0.0000     0.0000     0.0000
193   0     0.0000     0.6645     0.6645     0.0000     0.0000     0.0000
194   0     0.0000     0.6645     0.6645     0.0000     0.0000     0.0000
195   0     0.0000    -1.3290    -1.3290     0.0000     0.0000     0.0000
196   0     0.0000     0.6645     0.6645     0.0000     0.0000     0.0000
197   0     0.0000     0.6645     0.6645     0.0000     0.0000     0.0000
198   0     0.0000    -1.3290    -1.3290     0.0000     0.0000     0.0000
199   0     0.0000     0.6645     0.6645     0.0000     0.0000     0.0000
200   0     0.0000     0.6645     0.6645     0.0000     0.0000     0.0000
201   0     0.0000    -1.3290    -1.3290     0.0000     0.0000     0.0000
202   0     0.0000     0.6645     0.6645     0.0000     0.0000     0.0000
203   0     0.0000     0.6645     0.6645     0.0000     0.0000     0.0000
204   0     0.0000    -1.3290    -1.3290     0.0000     0.0000     0.0000
205   0     0.0000     0.6645     0.6645     0.0000     0.0000     0.0000
206   0     0.0000     0.6645     0.6645     0.0000     0.0000     0.0000
207   0     0.0000    -1.3290    -1.3290     0.0000     0.0000     0.0000
208   0     0.0000     0.6645     0.6645     0.0000     0.0000     0.0000
209   0     0.0000     0.6645     0.6645     0.0000     0.0000     0.0000
210   0     0.0000    -1.3290    -1.3290     0.0000     0.0000     0.0000
211   0     0.0000     0.6645     0.6645     0.0000     0.0000     0.0000
212   0     0.0000     0.6645     0.6645     0.0000     0.0000     0.0000
213   0     0.0000    -1.3290    -1.3290     0.0000     0.0000     0.0000
214   0     0.0000     0.6645     0.6645     0.0000     0.0000     0.0000
215   0     0.0000     0.6645     0.6645     0.0000     0.0000     0.0000
216   0     0.0000    -1.3290    -1.3290     0.0000     0.0000     0.0000
217   0     0.0000     0.6645     0.6645     0.0000     0.0000     0.0000
218   0     0.0000     0.6645     0.6645     0.0000     0.0000     0.0000
219   0     0.0000    -1.3290    -1.3290     0.0000     0.0000     0.0000
220   0     0.0000     0.6645     0.6645     0.0000     0.0000     0.0000
221   0     0.0000     0.6645     0.6645     0.0000     0.0000     0.0000
222   0     0.0000    -1.3290    -1.3290     0.0000     0.0000     0.0000
223   0     0.0000     0.6645     0.6645     0.0000     0.0000     0.0000
224   0     0.0000     0.6645     0.6645     0.0000     0.0000     0.0000
225   0     0.0000    -1.3290    -1.3290     0.0000     0.0000     0.0000
226   0     0.0000     0.6645     0.6645     0.0000     0.0000     0.0000
227   0     0.0000     0.6645     0.6645     0.0000     0.0000     0.0000
228   0     0.0000    -1.3290    -1.3290     0.0000     0.0000     0.0000
229   0     0.0000     0.6645     0.6645     0.0000     0.0000     0.0000
230   0     0.0000     0.6645     0.6645     0.0000     0.0000     0.0000
231   0     0.0000    -1.3290    -1.3290     0.0000     0.0000     0.0000
232   0     0.0000     0.6645     0.6645     0.0000     0.0000     0.0000
233   0     0.0000     0.6645     0.6645     0.0000     0.0000     0.0000
234   0     0.0000    -1.3290    -1.3290     0.0000     0.0000     0.0000
235   0     0.0000     0.6645     0.6645     0.0000     0.0000     0.0000
236   0     0.0000     0.6645     0.6645     0.0000     0.0000     0.0000
237   0     0.0000    -1.3290    -1.3290     0.0000     0.0000     0.0000
238   0     0.0000     0.6645     0.6645     0.0000     0.0000     0.0000
239   0     0.0000     0.6645     0.6645     0.0000     0.0000     0.0000
240   0     0.0000    -1.3290    -1.3290     0.0000     0.0000     0.0000
241   0     0.0000     0.6645     0.6645     0.0000     0.0000     0.0000
242   0     0.0000     0.6645     0.6645     0.0000     0.0000     0.0000
243   0     0.0000    -1.3290    -1.3290     0.0000     0.0000     0.0000
244   0     0.0000     0.6645     0.6645     0.0000     0.0000     0.0000
245   0     0.0000     0.6645     0.6645     0.0000     0.0000     0.0000
246   0     0.0000    -1.3290    -1.3290     0.0000     0.0000     0.0000
247   0     0.0000     0.6645     0.6645     0.0000     0.0000     0.0000
248   0     0.0000     0.6645     0.6645     0.0000     0.0000     0.0000
249   0     0.0000    -1.3290    -1.3290     0.0000     0.0000     0.0000
250   0     0.0000     0.6645     0.6645     0.0000     0.0000     0.0000
251   0     0.0000     0.6645     0.6645     0.0000     0.0000     0.0000
252   0     0.0000    -1.3290    -1.3290     0.0000     0.0000     0.0000
253   0     0.0000     0.6645     0.6645     0.0000     0.0000     0.0000
254   0     0.0000     0.6645     0.6645     0.0000     0.0000     0.0000
255   0     0.0000    -1.3290    -1.3290     0.0000     0.0000     0.0000
256   0     0.0000     0.6645     0.6645     0.0000     0.0000     0.0000
257   0     0.0000     0.6645     0.6645     0.0000     0.0000     0.0000
258   0     0.0000    -1.3290    -1.3290     0.0000     0.0000     0.0000
259   0     0.0000     0.6645     0.6645     0.0000     0.0000     0.0000
260   0     0.0000     0.6645     0.6645     0.0000     0.0000     0.0000
261   0     0.0000    -1.3290    -1.3290     0.0000     0.0000     0.0000
262   0     0.0000     0.6645     0.6645     0.0000     0.0000     0.0000
263   0     0.0000     0.6645     0.6645     0.0000     0.0000     0.0000
264   0     0.0000    -1.3290    -1.3290     0.0000     0.0000     0.0000
265   0     0.0000     0.6645     0.6645     0.0000     0.0000     0.0000
266   0     0.0000     0.6645     0.6645     0.0000     0.0000     0.0000
267   0     0.0000    -1.3290    -1.3290     0.0000     0.0000     0.0000
268   0     0.0000     0.6645     0.6645     0.0000     0.0000     0.0000
269   0     0.0000     0.6645     0.6645     0.0000     0.0000     0.0000
270   0     0.0000    -1.3290    -1.3290     0.0000     0.0000     0.0000
271   0     0.0000     0.6645     0.6645     0.0000     0.0000     0.0000
272   0     0.0000     0.6645     0.6645     0.0000     0.0000     0.0000
273   0     0.0000    -1.3290    -1.3290     0.0000     0.0000     0.0000
274   0     0.0000     0.6645     0.6645     0.0000     0.0000     0.0000
275   0     0.0000     0.6645     0.6645     0.0000     0.0000     0.0000
276   0     0.0000    -1.3290    -1.3290     0.0000     0.0000     0.0000
277   0     0.0000     0.6645     0.6645     0.0000     0.0000     0.0000
278   0     0.0000     0.6645     0.6645     0.0000     0.0000     0.0000
279   0     0.0000    -1.3290    -1.3290     0.0000     0.0000     0.0000
280   0     0.0000     0.6645     0.6645     0.0000     0.0000     0.0000
281   0     0.0000     0.6645     0.6645     0.0000     0.0000     0.0000
282   0     0.0000    -1.3290    -1.3290     0.0000     0.0000     0.0000
283   0     0.0000     0.6645     0.6645     0.0000     0.0000     0.0000
284   0     0.0000     0.6645     0.6645     0.0000     0.0000     0.0000
285   0     0.0000    -1.3290    -1.3290     0.0000     0.0000     0.0000
286   0     0.0000     0.6645     0.6645     0.0000     0.0000     0.0000
287   0     0.0000     0.6645     0.6645     0.0000     0.0000     0.0000
288   0     0.0000    -1.3290    -1.3290     0.0000     0.0000     0.0000
289   0     0.0000     0.6645     0.6645     0.0000     0.0000     0.0000
290   0     0.0000     0.6645     0.6645     0.0000     0.0000     0.0000
291   0     0.0000    -1.3290    -1.3290     0.0000     0.0000     0.0000
292   0     0.0000     0.6645     0.6645     0.0000     0.0000     0.0000
293   0     0.0000     0.6645     0.6645     0.0000     0.0000     0.0000
294   0     0.0000    -1.3290    -1.3290     0.0000     0.0000     0.0000
295   0     0.0000     0.6645     0.6645     0.0000     0.0000     0.0000
296   0     0.0000     0.6645     0.6645     0.0000     0.0000     0.0000
297   0     0.0000    -1.3290    -1.3290     0.0000     0.0000     0.0000
298   0     0.0000     0.6645     0.6645     0.0000     0.0000     0.0000
299   0     0.0000     0.6645     0.6645     0.0000     0.0000     0.0000
300   0     0.0000    -1.3290    -1.3290     0.0000     0.0000     0.0000
301   0     0.0000     0.6645     0.6645     0.0000     0.0000     0.0000
302   0     0.0000     0.6645     0.6645     0.0000     0.0000     0.0000
303   0     0.0000    -1.3290    -1.3290     0.0000     0.0000     0.0000
304   0     0.0000     0.6645     0.6645     0.0000     0.0000     0.0000
305   0     0.0000     0.6645     0.6645     0.0000     0.0000     0.0000
306   0     0.0000    -1.3290    -1.3290     0.0000     0.0000     0.0000
307   0     0.0000     0.6645     0.6645     0.0000     0.0000     0.0000
308   0     0.0000     0.6645     0.6645     0.0000     0.0000     0.0000
309   0     0.0000    -1.3290    -1.3290     0.0000     0.0000     0.0000
310   0     0.0000     0.6645     0.6645     0.0000     0.0000     0.0000
311   0     0.0000     0.6645     0.6645     0.0000     0.0000     0.0000
312   0     0.0000    -1.3290    -1.3290     0.0000     0.0000     0.0000
313   0     0.0000     0.6645     0.6645     0.0000     0.0000     0.0000
314   0     0.0000     0.6645     0.6645     0.0000     0.0000     0.0000
315   0     0.0000    -1.3290    -1.3290     0.0000     0.0000     0.0000
316   0     0.0000     0.6645     0.6645     0.0000     0.0000     0.0000
317   0     0.0000     0.6645     0.6645     0.0000     0.0000     0.0000
318   0     0.0000    -1.3290    -1.3290     0.0000     0.0000     0.0000
319   0     0.0000     0.6645     0.6645     0.0000     0.0000     0.0000
320   0     0.0000     0.6645     0.6645     0.0000     0.0000     0.0000
321   0     0.0000    -1.3290    -1.3290     0.0000     0.0000     0.0000
322   0     0.0000     0.6645     0.6645     0.0000     0.0000     0.0000
323   0     0.0000     0.6645     0.6645     0.0000     0.0000     0.0000
324   0     0.0000    -1.3290    -1.3290     0.0000     0.0000     0.0000
325   0     0.0000     0.6645     0.6645     0.0000     0.0000     0.0000
326   0     0.0000     0.6645     0.6645     0.0000     0.0000     0.0000
327   0     0.0000    -1.3290    -1.3290     0.0000     0.0000     0.0000
328   0     0.0000     0.6645     0.6645     0.0000     0.0000     0.0000
329   0     0.0000     0.6645     0.6645     0.0000     0.0000     0.0000
330   0     0.0000    -1.3290    -1.3290     0.0000     0.0000     0.0000
331   0     0.0000     0.6645     0.6645     0.0000     0.0000     0.0000
332   0     0.0000     0.6645     0.6645     0.0000     0.0000     0.0000
333   0     0.0000    -1.3290    -1.3290     0.0000     0.0000     0.0000
334   0     0.0000     0.6645     0.6645     0.0000     0.0000     0.0000
335   0     0.0000     0.6645     0.6645     0.0000     0.0000     0.0000
336   0     0.0000    -1.3290    -1.3290     0.0000     0.0000     0.0000
337   0     0.0000     0.6645     0.6645     0.0000     0.0000     0.0000
338   0     0.0000     0.6645     0.6645     0.0000     0.0000     0.0000
339   0     0.0000    -1.3290    -1.3290     0.0000     0.0000     0.0000
340   0     0.0000     0.6645     0.6645     0.0000     0.0000     0.0000
341   0     0.0000     0.6645     0.6645     0.0000     0.0000     0.0000
342   0     0.0000    -1.3290    -1.3290     0.0000     0.0000     0.0000
343   0     0.0000     0.6645     0.6645     0.0000     0.0000     0.0000
344   0     0.0000     0.6645     0.6645     0.0000     0.0000     0.0000
345   0     0.0000    -1.3290    -1.3290     0.0000     0.0000     0.0000
346   0     0.0000     0.6645     0.6645     0.0000     0.0000     0.0000
347   0     0.0000     0.6645     0.6645     0.0000     0.0000     0.0000
348   0     0.0000    -1.3290    -1.3290     0.0000     0.0000     0.0000
349   0     0.0000     0.6645     0.6645     0.0000     0.0000     0.0000
350   0     0.0000     0.6645     0.6645     0.0000     0.0000     0.0000
351   0     0.0000    -1.3290    -1.3290     0.0000     0.0000     0.0000
352   0     0.0000     0.6645     0.6645     0.0000     0.0000     0.0000
353   0     0.0000     0.6645     0.6645     0.0000     0.0000     0.0000
354   0     0.0000    -1.3290    -1.3290     0.0000     0.0000     0.0000
355   0     0.0000     0.6645     0.6645     0.0000     0.0000     0.0000
356   0     0.0000     0.6645     0.6645     0.0000     0.0000     0.0000
357   0     0.0000    -1.3290    -1.3290     0.0000     0.0000     0.0000
358   0     0.0000     0.6645     0.6645     0.0000     0.0000     0.0000
359   0     0.0000     0.6645     0.6645     0.0000     0.0000     0.0000
360   0     0.0000    -1.3290    -1.3290     0.0000     0.0000     0.0000
361   0     0.0000     0.6645     0.6645     0.0000     0.0000     0.0000
362   0     0.0000     0.6645     0.6645     0.0000     0.0000     0.0000
363   0     0.0000    -1.3290    -1.3290     0.0000     0.0000     0.0000
364   0     0.0000     0.6645     0.6645     0.0000     0.0000     0.0000
365   0     0.0000     0.6645     0.6645     0.0000     0.0000     0.0000
366   0     0.0000    -1.3290    -1.3290     0.0000     0.0000     0.0000
367   0     0.0000     0.6645     0.6645     0.0000     0.0000     0.0000
368   0     0.0000     0.6645     0.6645     0.0000     0.0000     0.0000
369   0     0.0000    -1.3290    -1.3290     0.0000     0.0000     0.0000
370   0     0.0000     0.6645     0.6645     0.0000     0.0000     0.0000
371   0     0.0000     0.6645     0.6645     0.0000     0.0000     0.0000
372   0     0.0000    -1.3290    -1.3290     0.0000     0.0000     0.0000
373   0     0.0000     0.6645     0.6645     0.0000     0.0000     0.0000
374   0     0.0000     0.6645     0.6645     0.0000     0.0000     0.0000
375   0     0.0000    -1.3290    -1.3290     0.0000     0.0000     0.0000
376   0     0.0000     0.6645     0.6645     0.0000     0.0000     0.0000
377   0     0.0000     0.6645     0.6645     0.0000     0.0000     0.0000
378   0     0.0000    -1.3290    -1.3290     0.0000     0.0000     0.0000
379   0     0.0000     0.6645     0.6645     0.0000     0.0000     0.0000
380   0     0.0000     0.6645     0.6645     0.0000     0.0000     0.0000
381   0     0.0000    -1.3290    -1.3290     0.0000     0.0000     0.0000
382   0     0.0000     0.6645     0.6645     0.0000     0.0000     0.0000
383   0     0.0000     0.6645     0.6645     0.0000     0.0000     0.0000
384   0     0.0000    -1.3290    -1.3290     0.0000     0.0000     0.0000
385   0     0.0000     0.6645     0.6645     0.0000     0.0000     0.0000
386   0     0.0000     0.6645     0.6645     0.0000     0.0000     0.0000
387   0     0.0000    -1.3290    -1.3290     0.0000     0.0000     0.0000
388   0     0.0000     0.6645     0.6645     0.0000     0.0000     0.0000
389   0     0.0000     0.6645     0.6645     0.0000     0.0000     0.0000
390   0     0.0000    -1.3290    -1.3290     0.0000     0.0000     0.0000
391   0     0.0000     0.6645     0.6645     0.0000     0.0000     0.0000
392   0     0.0000     0.6645     0.6645     0.0000     0.0000     0.0000
393   0     0.0000    -1.3290    -1.3290     0.0000     0.0000     0.0000
394   0     0.0000     0.6645     0.6645     0.0000     0.0000     0.0000
395   0     0.0000     0.6645     0.6645     0.0000     0.0000     0.0000
396   0     0.0000    -1.3290    -1.3290     0.0000     0.0000     0.0000
397   0     0.0000     0.6645     0.6645     0.0000     0.0000     0.0000
398   0     0.0000     0.6645     0.6645     0.0000     0.0000     0.0000
399   0     0.0000    -1.3290    -1.3290     0.0000     0.0000     0.0000
400   0     0.0000     0.6645     0.6645     0.0000     0.0000     0.0000
401   0     0.0000     0.6645     0.6645     0.0000     0.0000     0.0000
402   0     0.0000    -1.3290    -1.3290     0.0000     0.0000     0.0000
403   0     0.0000     0.6645     0.6645     0.0000     0.0000     0.0000
404   0     0.0000     0.6645     0.6645     0.0000     0.0000     0.0000
405   0     0.0000    -1.3290    -1.3290     0.0000     0.0000     0.0000
406   0     0.0000     0.6645     0.6645     0.0000     0.0000     0.0000
407   0     0.0000     0.6645     0.6645     0.0000     0.0000     0.0000
408   0     0.0000    -1.3290    -1.3290     0.0000     0.0000     0.0000
409   0     0.0000     0.6645     0.6645     0.0000     0.0000     0.0000
410   0     0.0000     0.6645     0.6645     0.0000     0.0000     0.0000
411   0     0.0000    -1.3290    -1.3290     0.0000     0.0000     0.0000
412   0     0.0000     0.6645     0.6645     0.0000     0.0000     0.0000
413   0     0.0000     0.6645     0.6645     0.0000     0.0000     0.0000
414   0     0.0000    -1.3290    -1.3290     0.0000     0.0000     0.0000
415   0     0.0000     0.6645     0.6645     0.0000     0.0000     0.0000
416   0     0.0000     0.6645     0.6645     0.0000     0.0000     0.0000
417   0     0.0000    -1.3290    -1.3290     0.0000     0.0000     0.0000
418   0     0.0000     0.6645     0.6645     0.0000     0.0000     0.0000
419   0     0.0000     0.6645     0.6645     0.0000     0.0000     0.0000
420   0     0.0000    -1.3290    -1.3290     0.0000     0.0000     0.0000
421   0     0.0000     0.6645     0.6645     0.0000     0.0000     0.0000
422   0     0.0000     0.6645     0.6645     0.0000     0.0000     0.0000
423   0     0.0000    -1.3290    -1.3290     0.0000     0.0000     0.0000
424   0     0.0000     0.6645     0.6645     0.0000     0.0000     0.0000
425   0     0.0000     0.6645     0.6645     0.0000     0.0000     0.0000
426   0     0.0000    -1.3290    -1.3290     0.0000     0.0000     0.0000
427   0     0.0000     0.6645     0.6645     0.0000     0.0000     0.0000
428   0     0.0000     0.6645     0.6645     0.0000     0.0000     0.0000
429   0     0.0000    -1.3290    -1.3290     0.0000     0.0000     0.0000
430   0     0.0000     0.6645     0.6645     0.0000     0.0000     0.0000
431   0     0.0000     0.6645     0.6645     0.0000     0.0000     0.0000
432   0     0.0000    -1.3290    -1.3290     0.0000     0.0000     0.0000
433   0     0.0000     0.6645     0.6645     0.0000     0.0000     0.0000
434   0     0.0000     0.6645     0.6645     0.0000     0.0000     0.0000
435   0     0.0000    -1.3290    -1.3290     0.0000     0.0000     0.0000
436   0     0.0000     0.6645     0.6645     0.0000     0.0000     0.0000
437   0     0.0000     0.6645     0.6645     0.0000     0.0000     0.0000
438   0     0.0000    -1.3290    -1.3290     0.0000     0.0000     0.0000
439   0     0.0000     0.6645     0.6645     0.0000     0.0000     0.0000
440   0     0.0000     0.6645     0.6645     0.0000     0.0000     0.0000
441   0     0.0000    -1.3290    -1.3290     0.0000     0.0000     0.0000
442   0     0.0000     0.6645     0.6645     0.0000     0.0000     0.0000
443   0     0.0000     0.6645     0.6645     0.0000     0.0000     0.0000
444   0     0.0000    -1.3290    -1.3290     0.0000     0.0000     0.0000
445   0     0.0000     0.6645     0.6645     0.0000     0.0000     0.0000
446   0     0.0000     0.6645     0.6645     0.0000     0.0000     0.0000
447   0     0.0000    -1.3290    -1.3290     0.0000     0.0000     0.0000
448   0     0.0000     0.6645     0.6645     0.0000     0.0000     0.0000
449   0     0.0000     0.6645     0.6645     0.0000     0.0000     0.0000
450   0     0.0000    -1.3290    -1.3290     0.0000     0.0000     0.0000
451   0     0.0000     0.6645     0.6645     0.0000     0.0000     0.0000
452   0     0.0000     0.6645     0.6645     0.0000     0.0000     0.0000
453   0     0.0000    -1.3290    -1.3290     0.0000     0.0000     0.0000
454   0     0.0000     0.6645     0.6645     0.0000     0.0000     0.0000
455   0     0.0000     0.6645     0.6645     0.0000     0.0000     0.0000
456   0     0.0000    -1.3290    -1.3290     0.0000     0.0000     0.0000
457   0     0.0000     0.6645     0.6645     0.0000     0.0000     0.0000
458   0     0.0000     0.6645     0.6645     0.0000     0.0000     0.0000
459   0     0.0000    -1.3290    -1.3290     0.0000     0.0000     0.0000
460   0     0.0000     0.6645     0.6645     0.0000     0.0000     0.0000
461   0     0.0000     0.6645     0.6645     0.0000     0.0000     0.0000
462   0     0.0000    -1.3290    -1.3290     0.0000     0.0000     0.0000
463   0     0.0000     0.6645     0.6645     0.0000     0.0000     0.0000
464   0     0.0000     0.6645     0.6645     0.0000     0.0000     0.0000
465   0     0.0000    -1.3290    -1.3290     0.0000     0.0000     0.0000
466   0     0.0000     0.6645     0.6645     0.0000     0.0000     0.0000
467   0     0.0000     0.6645     0.6645     0.0000     0.0000     0.0000
468   0     0.0000    -1.3290    -1.3290     0.0000     0.0000     0.0000
469   0     0.0000     0.6645     0.6645     0.0000     0.0000     0.0000
470   0     0.0000     0.6645     0.6645     0.0000     0.0000     0.0000
471   0     0.0000    -1.3290    -1.3290     0.0000     0.0000     0.0000
472   0     0.0000     0.6645     0.6645     0.0000     0.0000     0.0000
473   0     0.0000     0.6645     0.6645     0.0000     0.0000     0.0000
474   0     0.0000    -1.3290    -1.3290     0.0000     0.0000     0.0000
475   0     0.0000     0.6645     0.6645     0.0000     0.0000     0.0000
476   0     0.0000     0.6645     0.6645     0.0000     0.0000     0.0000
477   0     0.0000    -1.3290    -1.3290     0.0000     0.0000     0.0000
478   0     0.0000     0.6645     0.6645     0.0000     0.0000     0.0000
479   0     0.0000     0.6645     0.6645     0.0000     0.0000     0.0000
480   0     0.0000    -1.3290    -1.3290     0.0000     0.0000     0.0000
481   0     0.0000     0.6645     0.6645     0.0000     0.0000     0.0000
482   0     0.0000     0.6645     0.6645     0.0000     0.0000     0.0000
483   0     0.0000    -1.3290    -1.3290     0.0000     0.0000     0.0000
484   0     0.0000     0.6645     0.6645     0.0000     0.0000     0.0000
485   0     0.0000     0.6645     0.6645     0.0000     0.0000     0.0000
486   0     0.0000    -1.3290    -1.3290     0.0000     0.0000     0.0000
487   0     0.0000     0.6645     0.6645     0.0000     0.0000     0.0000
488   0     0.0000     0.6645     0.6645     0.0000     0.0000     0.0000
489   0     0.0000    -1.3290    -1.3290     0.0000     0.0000     0.0000
490   0     0.0000     0.6645     0.6645     0.0000     0.0000     0.0000
491   0     0.0000     0.6645     0.6645     0.0000     0.0000     0.0000
492   0     0.0000    -1.3290    -1.3290     0.0000     0.0000     0.0000
493   0     0.0000     0.6645     0.6645     0.0000     0.0000     0.0000
494   0     0.0000     0.6645     0.6645     0.0000     0.0000     0.0000
495   0     0.0000    -1.3290    -1.3290     0.0000     0.0000     0.0000
496   0     0.0000     0.6645     0.6645     0.0000     0.0000     0.0000
497   0     0.0000     0.6645     0.6645     0.0000     0.0000     0.0000
498   0     0.0000    -1.3290    -1.3290     0.0000     0.0000     0.0000
499   0     0.0000     0.6645     0.6645     0.0000     0.0000     0.0000
500   0     0.0000     0.6645     0.6645     0.0000     0.0000     0.0000
501   0     0.0000    -1.3290    -1.3290     0.0000     0.0000     0.0000
502   0     0.0000     0.6645     0.6645     0.0000     0.0000     0.0000
503   0     0.0000     0.6645     0.6645     0.0000     0.0000     0.0000
504   0     0.0000    -1.3290    -1.3290     0.0000     0.0000     0.0000
505   0     0.0000     0.6645     0.6645     0.0000     0.0000     0.0000
506   0     0.0000     0.6645     0.6645     0.0000     0.0000     0.0000
507   0     0.0000    -1.3290    -1.3290     0.0000     0.0000     0.0000
508   0     0.0000     0.6645     0.6645     0.0000     0.0000     0.0000
509   0     0.0000     0.6645     0.6645     0.0000     0.0000     0.0000
510   0     0.0000    -1.3290    -1.3290     0.0000     0.0000     0.0000
511   0     0.0000     0.6645     0.6645     0.0000     0.0000     0.0000
512   0     0.0000     0.6645     0.6645     0.0000     0.0000     0.0000
513   0     0.0000    -1.3290    -1.3290     0.0000     0.0000     0.0000
514   0     0.0000     0.6645     0.6645     0.0000     0.0000     0.0000
515   0     0.0000     0.6645     0.6645     0.0000     0.0000     0.0000
516   0     0.0000    -1.3290    -1.3290     0.0000     0.0000     0.0000
517   0     0.0000     0.6645     0.6645     0.0000     0.0000     0.0000
518   0     0.0000     0.6645     0.6645     0.0000     0.0000     0.0000
519   0     0.0000    -1.3290    -1.3290     0.0000     0.0000     0.0000
520   0     0.0000     0.6645     0.6645     0.0000     0.0000     0.0000
521   0     0.0000     0.6645     0.6645     0.0000     0.0000     0.0000
522   0     0.0000    -1.3290    -1.3290     0.0000     0.0000     0.0000
523   0     0.0000     0.6645     0.6645     0.0000     0.0000     0.0000
524   0     0.0000     0.6645     0.6645     0.0000     0.0000     0.0000
525   0     0.0000    -1.3290    -1.3290     0.0000     0.0000     0.0000
526   0     0.0000     0.6645     0.6645     0.0000     0.0000     0.0000
527   0     0.0000     0.6645     0.6645     0.0000     0.0000     0.0000
528   0     0.0000    -1.3290    -1.3290     0.0000     0.0000     0.0000
529   0     0.0000     0.6645     0.6645     0.0000     0.0000     0.0000
530   0     0.0000     0.6645     0.6645     0.0000     0.0000     0.0000
531   0     0.0000    -1.3290    -1.3290     0.0000     0.0000     0.0000
532   0     0.0000     0.6645     0.6645     0.0000     0.0000     0.0000
533   0     0.0000     0.6645     0.6645     0.0000     0.0000     0.0000
534   0     0.0000    -1.3290    -1.3290     0.0000     0.0000     0.0000
535   0     0.0000     0.6645     0.6645     0.0000     0.0000     0.0000
536   0     0.0000     0.6645     0.6645     0.0000     0.0000     0.0000
537   0     0.0000    -1.3290    -1.3290     0.0000     0.0000     0.0000
538   0     0.0000     0.6645     0.6645     0.0000     0.0000     0.0000
539   0     0.0000     0.6645     0.6645     0.0000     0.0000     0.0000
540   0     0.0000    -1.3290    -1.3290     0.0000     0.0000     0.0000
541   0     0.0000     0.6645     0.6645     0.0000     0.0000     0.0000
542   0     0.0000     0.6645     0.6645     0.0000     0.0000     0.0000
543   0     0.0000    -1.3290    -1.3290     0.0000     0.0000     0.0000
544   0     0.0000     0.6645     0.6645     0.0000     0.0000     0.0000
545   0     0.0000     0.6645     0.6645     0.0000     0.0000     0.0000
546   0     0.0000    -1.3290    -1.3290     0.0000     0.0000     0.0000
547   0     0.0000     0.6645     0.6645     0.0000     0.0000     0.0000
548   0     0.0000     0.6645     0.6645     0.0000     0.0000     0.0000
549   0     0.0000    -1.3290    -1.3290     0.0000     0.0000     0.0000
550   0     0.0000     0.6645     0.6645     0.0000     0.0000     0.0000
551   0     0.0000     0.6645     0.6645     0.0000     0.0000     0.0000
552   0     0.0000    -1.3290    -1.3290     0.0000     0.0000     0.0000
553   0     0.0000     0.6645     0.6645     0.0000     0.0000     0.0000
554   0     0.0000     0.6645     0.6645     0.0000     0.0000     0.0000
555   0     0.0000    -1.3290    -1.3290     0.0000     0.0000     0.0000
556   0     0.0000     0.6645     0.6645     0.0000     0.0000     0.0000
557   0     0.0000     0.6645     0.6645     0.0000     0.0000     0.0000
558   0     0.0000    -1.3290    -1.3290     0.0000     0.0000     0.0000
559   0     0.0000     0.6645     0.6645     0.0000     0.0000     0.0000
560   0     0.0000     0.6645     0.6645     0.0000     0.0000     0.0000
561   0     0.0000    -1.3290    -1.3290     0.0000     0.0000     0.0000
562   0     0.0000     0.6645     0.6645     0.0000     0.0000     0.0000
563   0     0.0000     0.6645     0.6645     0.0000     0.0000     0.0000
564   0     0.0000    -1.3290    -1.3290     0.0000     0.0000     0.0000
565   0     0.0000     0.6645     0.6645     0.0000     0.0000     0.0000
566   0     0.0000     0.6645     0.6645     0.0000     0.0000     0.0000
567   0     0.0000    -1.3290    -1.3290     0.0000     0.0000     0.0000
568   0     0.0000     0.6645     0.6645     0.0000     0.0000     0.0000
569   0     0.0000     0.6645     0.6645     0.0000     0.0000     0.0000
570   0     0.0000    -1.3290    -1.3290     0.0000     0.0000     0.0000
571   0     0.0000     0.6645     0.6645     0.0000     0.0000     0.0000
572   0     0.0000     0.6645     0.6645     0.0000     0.0000     0.0000
573   0     0.0000    -1.3290    -1.3290     0.0000     0.0000     0.0000
574   0     0.0000     0.6645     0.6645     0.0000     0.0000     0.0000
575   0     0.0000     0.6645     0.6645     0.0000     0.0000     0.0000
576   0     0.0000    -1.3290    -1.3290     0.0000     0.0000     0.0000
577   0     0.0000     0.6645     0.6645     0.0000     0.0000     0.0000
578   0     0.0000     0.6645     0.6645     0.0000     0.0000     0.0000
579   0     0.0000    -1.3290    -1.3290     0.0000     0.0000     0.0000
580   0     0.0000     0.6645     0.6645     0.0000     0.0000     0.0000
581   0     0.0000     0.6645     0.6645     0.0000     0.0000     0.0000
582   0     0.0000    -1.3290    -1.3290     0.0000     0.0000     0.0000
583   0     0.0000     0.6645     0.6645     0.0000     0.0000     0.0000
584   0     0.0000     0.6645     0.6645     0.0000     0.0000     0.0000
585   0     0.0000    -1.3290    -1.3290     0.0000     0.0000     0.0000
586   0     0.0000     0.6645     0.6645     0.0000     0.0000     0.0000
587   0     0.0000     0.6645     0.6645     0.0000     0.0000     0.0000
588   0     0.0000    -1.3290    -1.3290     0.0000     0.0000     0.0000
589   0     0.0000     0.6645     0.6645     0.0000     0.0000     0.0000
590   0     0.0000     0.6645     0.6645     0.0000     0.0000     0.0000
591   0     0.0000    -1.3290    -1.3290     0.0000     0.0000     0.0000
592   0     0.0000     0.6645     0.6645     0.0000     0.0000     0.0000
593   0     0.0000     0.6645     0.6645     0.0000     0.0000     0.0000
594   0     0.0000    -1.3290    -1.3290     0.0000     0.0000     0.0000
595   0     0.0000     0.6645     0.6645     0.0000     0.0000     0.0000
596   0     0.0000     0.6645     0.6645     0.0000     0.0000     0.0000
597   0     0.0000    -1.3290    -1.3290     0.0000     0.0000     0.0000
598   0     0.0000     0.6645     0.6645     0.0000     0.0000     0.0000
599   0     0.0000     0.6645     0.6645     0.0000     0.0000     0.0000
600   0     0.0000    -1.3290    -1.3290     0.0000     0.0000     0.0000
601   0     0.0000     0.6645     0.6645     0.0000     0.0000     0.0000
602   0     0.0000     0.6645     0.6645     0.0000     0.0000     0.0000
603   0     0.0000    -1.3290    -1.3290     0.0000     0.0000     0.0000
604   0     0.0000     0.6645     0.6645     0.0000     0.0000     0.0000
605   0     0.0000     0.6645     0.6645     0.0000     0.0000     0.0000
606   0     0.0000    -1.3290    -1.3290     0.0000     0.0000     0.0000
      Bond orders larger than 0.1000000
           Atom A     A.N. of A          Atom B    A.N. of B              Bond order
                0             6               1            1                1.050320
                0             6               2            1                0.925319
                0             6               3            6                0.745506
                0             6              14            8                0.755877
                3             6               4            1                0.990211
                3             6               5            1                0.992938
                3             6               6            6                0.745327
                3             6               9            6                0.131421
                6             6               7            1                0.991560
                6             6               8            1                1.032532
                6             6               9            6                0.683847
                9             6              10            1                0.987443
                9             6              11            1                1.029398
                9             6              12            8                0.729815
               12             8              13            1                0.930814
               12             8              40            8                0.150085
               14             8              15            1                0.923434
               16             8              17            1                0.891634
               16             8              18            1                0.980082
               19             8              20            1                0.943270
               19             8              21            1                0.933978
               22             8              23            1                0.879336
               22             8              24            1                0.922613
               25             8              26            1                0.883407
               25             8              27            1                0.930158
               28             8              29            1                0.915144
               28             8              30            1                0.935068
               31             8              32            1                0.871468
               31             8              33            1                0.894743
               34             8              35            1                0.952405
               34             8              36            1                0.947653
               37             8              38            1                0.957500
               37             8              39            1                0.947960
               40             8              41            1                0.965637
               40             8              42            1                0.946938
               43             8              44            1                0.921319
               43             8              45            1                0.948070
               46             8              47            1                0.924535
               46             8              48            1                0.871494
               49             8              50            1                0.891726
               49             8              51            1                0.941980
               52             8              53            1                0.941486
               52             8              54            1                0.936943
               55             8              56            1                0.863322
               55             8              57            1                0.937628
               58             8              59            1                0.867753
               58             8              60            1                0.979658
               61             8              62            1                0.867333
               61             8              63            1                0.762884
               64             8              65            1                0.965134
               64             8              66            1                0.926764
               67             8              68            1                0.940133
               67             8              69            1                0.889900
               70             8              71            1                0.942163
               70             8              72            1                0.852833
               73             8              74            1                0.899363
               73             8              75            1                0.928603
               76             8              77            1                0.974842
               76             8              78            1                0.919185
               79             8              80            1                0.974397
               79             8              81            1                0.901271
               82             8              83            1                0.902455
               82             8              84            1                0.955665
               85             8              86            1                0.905960
               85             8              87            1                0.971434
               88             8              89            1                0.940063
               88             8              90            1                0.918137
               91             8              92            1                0.939097
               91             8              93            1                0.892383
               94             8              95            1                0.920588
               94             8              96            1                0.920121
               97             8              98            1                0.939306
               97             8              99            1                0.952927
              100             8             101            1                0.868368
              100             8             102            1                0.935646
# -----------------------------------------------------------
$ SCF_Electric_Properties
   description: The SCF Calculated Electric Properties
   geom. index: 1
   prop. index: 1
       Filename                          : final068.orca.scfp 
       Do Dipole Moment Calculation      : true 
       Do Quadrupole Moment Calculation  : false 
       Do Polarizability Calculation     : false 
** Dipole moment part of electric properties **
        Magnitude of dipole moment (Debye) :       46.1537361483
        Electronic Contribution:
                  0    
      0      -0.341609
      1       2.396120
      2       1.222383
        Nuclear Contribution:
                  0    
      0       8.551811
      1      -2.519286
      2      14.972896
        Total Dipole moment:
                  0    
      0       8.210202
      1      -0.123167
      2      16.195279
# -------------------------------------------------------------
----------------------- !GEOMETRIES! ------------------------
# -------------------------------------------------------------
------------------------ !GEOMETRY! -------------------------
    Number of atoms:    607 
    Geometry Index:     1 
    Coordinates:
               0 C     12.460000000000   11.150000000000   11.700000000000
               1 H     13.560000000000   10.840000000000   11.700000000000
               2 H     12.090000000000   10.850000000000   12.670000000000
               3 C     11.810000000000   10.420000000000   10.510000000000
               4 H     12.450000000000   10.790000000000    9.740000000000
               5 H     12.010000000000    9.370000000000   10.680000000000
               6 C     10.290000000000   10.690000000000   10.190000000000
               7 H      9.970000000000   10.380000000000    9.200000000000
               8 H     10.040000000000   11.770000000000   10.150000000000
               9 C      9.300000000000    9.990000000000   11.060000000000
              10 H      9.530000000000    8.920000000000   11.160000000000
              11 H      8.300000000000   10.220000000000   10.720000000000
              12 O      9.360000000000   10.550000000000   12.350000000000
              13 H      8.850000000000   11.360000000000   12.410000000000
              14 O     12.470000000000   12.560000000000   11.510000000000
              15 H     11.570000000000   12.940000000000   11.630000000000
              16 O     13.630000000000   13.090000000000    9.080000000000
              17 H     13.160000000000   12.790000000000    9.840000000000
              18 H     14.130000000000   12.370000000000    8.720000000000
              19 O     10.190000000000   13.980000000000   14.310000000000
              20 H      9.770000000000   14.630000000000   14.890000000000
              21 H     10.270000000000   14.460000000000   13.470000000000
              22 O     13.520000000000    8.080000000000   13.110000000000
              23 H     13.550000000000    8.220000000000   12.120000000000
              24 H     13.320000000000    8.980000000000   13.460000000000
              25 O     14.470000000000    7.620000000000   10.390000000000
              26 H     13.700000000000    7.290000000000    9.850000000000
              27 H     14.950000000000    8.280000000000    9.870000000000
              28 O      5.370000000000   10.610000000000    9.310000000000
              29 H      5.070000000000   10.480000000000   10.230000000000
              30 H      5.920000000000   11.390000000000    9.350000000000
              31 O      9.690000000000    6.730000000000    9.030000000000
              32 H      9.180000000000    7.490000000000    8.780000000000
              33 H      9.540000000000    6.450000000000    9.970000000000
              34 O      8.970000000000   12.920000000000    7.750000000000
              35 H      9.880000000000   13.220000000000    7.660000000000
              36 H      8.530000000000   13.660000000000    7.320000000000
              37 O     14.470000000000    5.020000000000   11.630000000000
              38 H     14.560000000000    5.950000000000   11.640000000000
              39 H     15.350000000000    4.770000000000   11.860000000000
              40 O      7.900000000000   12.720000000000   12.450000000000
              41 H      7.810000000000   13.160000000000   13.270000000000
              42 H      7.240000000000   12.020000000000   12.540000000000
              43 O     15.750000000000    9.860000000000    9.310000000000
              44 H     15.410000000000   10.220000000000    8.490000000000
              45 H     16.560000000000    9.570000000000    8.960000000000
              46 O      6.730000000000   12.960000000000    9.860000000000
              47 H      7.390000000000   13.130000000000    9.140000000000
              48 H      7.100000000000   13.060000000000   10.780000000000
              49 O      2.970000000000   10.960000000000    7.730000000000
              50 H      3.830000000000   10.940000000000    8.120000000000
              51 H      3.080000000000   10.650000000000    6.810000000000
              52 O      4.660000000000    9.350000000000   11.440000000000
              53 H      5.050000000000    9.880000000000   12.120000000000
              54 H      3.760000000000    9.120000000000   11.710000000000
              55 O     15.510000000000    6.820000000000   14.390000000000
              56 H     14.930000000000    7.240000000000   13.770000000000
              57 H     15.170000000000    5.950000000000   14.460000000000
              58 O     14.540000000000   14.020000000000   12.670000000000
              59 H     13.720000000000   13.670000000000   12.260000000000
              60 H     14.660000000000   14.920000000000   12.440000000000
              61 O      9.960000000000    9.230000000000   14.530000000000
              62 H     10.700000000000    9.770000000000   14.970000000000
              63 H      9.740000000000    9.770000000000   13.700000000000
              64 O      8.450000000000    8.710000000000    7.610000000000
              65 H      7.650000000000    8.870000000000    8.080000000000
              66 H      8.350000000000    8.010000000000    6.960000000000
              67 O      9.450000000000    5.890000000000   11.720000000000
              68 H      8.480000000000    5.930000000000   11.990000000000
              69 H      9.970000000000    6.430000000000   12.290000000000
              70 O     11.640000000000   13.500000000000    7.240000000000
              71 H     11.660000000000   14.470000000000    7.430000000000
              72 H     12.330000000000   13.190000000000    7.880000000000
              73 O     14.300000000000   10.930000000000    6.900000000000
              74 H     14.720000000000   11.040000000000    6.000000000000
              75 H     13.670000000000   10.180000000000    6.860000000000
              76 O     14.080000000000   10.820000000000   14.400000000000
              77 H     14.570000000000   10.820000000000   15.260000000000
              78 H     13.280000000000   11.200000000000   14.790000000000
              79 O     12.680000000000    6.420000000000    8.710000000000
              80 H     12.880000000000    5.460000000000    8.800000000000
              81 H     11.730000000000    6.520000000000    8.660000000000
              82 O     10.820000000000   15.510000000000   12.000000000000
              83 H     10.000000000000   15.880000000000   11.680000000000
              84 H     11.260000000000   16.280000000000   12.430000000000
              85 O      5.300000000000    7.910000000000    7.830000000000
              86 H      5.270000000000    8.700000000000    8.360000000000
              87 H      5.300000000000    7.390000000000    8.580000000000
              88 O     11.490000000000   11.350000000000   15.630000000000
              89 H     11.470000000000   11.470000000000   16.590000000000
              90 H     10.960000000000   12.140000000000   15.360000000000
              91 O     11.140000000000    6.660000000000   13.840000000000
              92 H     10.780000000000    7.430000000000   14.270000000000
              93 H     12.070000000000    6.850000000000   13.570000000000
              94 O     14.790000000000   15.500000000000    7.370000000000
              95 H     14.220000000000   14.890000000000    7.890000000000
              96 H     15.510000000000   14.900000000000    7.090000000000
              97 O     13.170000000000   14.580000000000   15.210000000000
              98 H     13.600000000000   14.620000000000   14.360000000000
              99 H     12.250000000000   14.590000000000   14.990000000000
             100 O      8.580000000000   14.820000000000   16.470000000000
             101 H      7.740000000000   14.550000000000   15.950000000000
             102 H      8.840000000000   14.120000000000   17.100000000000
             103 Q      9.690000000000    4.510000000000    5.700000000000
             104 Q     10.040000000000    3.880000000000    4.440000000000
             105 Q      9.890000000000    3.830000000000    5.240000000000
             106 Q      6.230000000000   16.430000000000   17.720000000000
             107 Q      7.550000000000   16.470000000000   16.870000000000
             108 Q      6.820000000000   16.770000000000   17.210000000000
             109 Q     17.250000000000    9.150000000000   12.130000000000
             110 Q     16.680000000000   10.090000000000   11.050000000000
             111 Q     17.120000000000    9.890000000000   11.730000000000
             112 Q     18.930000000000   10.810000000000   17.800000000000
             113 Q     17.720000000000   11.020000000000   16.750000000000
             114 Q     18.350000000000   10.590000000000   17.180000000000
             115 Q     13.240000000000   10.720000000000    2.730000000000
             116 Q     11.830000000000   10.210000000000    2.710000000000
             117 Q     12.530000000000   10.450000000000    3.080000000000
             118 Q      8.800000000000   12.000000000000    4.160000000000
             119 Q      9.870000000000   13.050000000000    3.840000000000
             120 Q      9.280000000000   12.460000000000    3.630000000000
             121 Q     15.350000000000    4.210000000000    8.960000000000
             122 Q     15.370000000000    3.040000000000    8.080000000000
             123 Q     14.970000000000    3.610000000000    8.540000000000
             124 Q     16.370000000000    6.660000000000   18.290000000000
             125 Q     14.980000000000    6.430000000000   17.730000000000
             126 Q     15.680000000000    6.200000000000   18.130000000000
             127 Q     15.180000000000   11.730000000000    3.900000000000
             128 Q     16.510000000000   12.150000000000    4.590000000000
             129 Q     15.730000000000   11.750000000000    4.520000000000
             130 Q     16.190000000000   18.430000000000    8.840000000000
             131 Q     16.030000000000   16.920000000000    8.570000000000
             132 Q     16.430000000000   17.620000000000    8.870000000000
             133 Q      5.810000000000    2.550000000000   16.320000000000
             134 Q      4.780000000000    3.420000000000   17.000000000000
             135 Q      5.190000000000    3.100000000000   16.320000000000
             136 Q     20.810000000000    8.280000000000    8.040000000000
             137 Q     19.980000000000    7.860000000000    9.290000000000
             138 Q     20.500000000000    8.350000000000    8.830000000000
             139 Q      3.410000000000   13.380000000000   13.520000000000
             140 Q      2.920000000000   11.950000000000   13.360000000000
             141 Q      3.340000000000   12.640000000000   13.160000000000
             142 Q     17.180000000000    4.700000000000    6.610000000000
             143 Q     18.670000000000    4.980000000000    7.220000000000
             144 Q     17.910000000000    5.170000000000    6.810000000000
             145 Q     18.610000000000   13.190000000000    4.510000000000
             146 Q     17.760000000000   13.030000000000    3.230000000000
             147 Q     17.900000000000   13.180000000000    4.050000000000
             148 Q     11.230000000000    3.730000000000   14.820000000000
             149 Q     11.200000000000    5.310000000000   14.950000000000
             150 Q     11.210000000000    4.520000000000   15.240000000000
             151 Q     15.170000000000    6.230000000000    5.120000000000
             152 Q     15.360000000000    7.260000000000    3.980000000000
             153 Q     14.970000000000    6.850000000000    4.560000000000
             154 Q      7.350000000000    9.060000000000   17.440000000000
             155 Q      6.340000000000    9.160000000000   18.490000000000
             156 Q      6.690000000000    8.790000000000   17.840000000000
             157 Q      5.160000000000    9.250000000000   16.550000000000
             158 Q      4.410000000000   10.480000000000   16.110000000000
             159 Q      4.690000000000    9.670000000000   15.990000000000
             160 Q      6.400000000000    6.590000000000    2.700000000000
             161 Q      6.850000000000    7.900000000000    2.150000000000
             162 Q      6.520000000000    7.410000000000    2.740000000000
             163 Q      4.830000000000   16.310000000000   15.980000000000
             164 Q      3.490000000000   16.190000000000   15.220000000000
             165 Q      4.090000000000   16.580000000000   15.680000000000
             166 Q      1.350000000000    6.290000000000   10.070000000000
             167 Q      2.590000000000    5.880000000000   10.840000000000
             168 Q      1.780000000000    6.160000000000   10.760000000000
             169 Q     20.650000000000    9.220000000000   15.000000000000
             170 Q     19.480000000000    9.960000000000   15.610000000000
             171 Q     19.920000000000    9.610000000000   14.980000000000
             172 Q      6.580000000000   17.650000000000    8.770000000000
             173 Q      5.210000000000   17.020000000000    8.770000000000
             174 Q      5.760000000000   17.630000000000    8.930000000000
             175 Q      5.210000000000   10.440000000000   20.440000000000
             176 Q      5.580000000000    8.940000000000   20.700000000000
             177 Q      5.650000000000    9.710000000000   20.340000000000
             178 Q     16.410000000000    2.090000000000   11.930000000000
             179 Q     15.460000000000    2.470000000000   10.760000000000
             180 Q     16.190000000000    2.380000000000   11.140000000000
             181 Q      9.590000000000   12.490000000000   18.900000000000
             182 Q      9.440000000000   13.880000000000   19.480000000000
             183 Q      9.500000000000   13.320000000000   18.860000000000
             184 Q     17.210000000000   13.700000000000    8.150000000000
             185 Q     17.140000000000   13.550000000000    6.630000000000
             186 Q     17.200000000000   13.970000000000    7.350000000000
             187 Q     11.100000000000    9.330000000000   22.110000000000
             188 Q     11.930000000000    9.980000000000   21.020000000000
             189 Q     11.240000000000    9.730000000000   21.400000000000
             190 Q     19.650000000000   10.610000000000    5.040000000000
             191 Q     20.820000000000   11.850000000000    4.890000000000
             192 Q     20.090000000000   11.360000000000    4.710000000000
             193 Q     16.890000000000   11.620000000000   12.610000000000
             194 Q     16.060000000000   12.970000000000   12.720000000000
             195 Q     16.740000000000   12.430000000000   12.850000000000
             196 Q      2.200000000000   15.460000000000   13.160000000000
             197 Q      1.790000000000   14.870000000000   14.550000000000
             198 Q      2.330000000000   15.210000000000   13.950000000000
             199 Q     11.570000000000   15.710000000000    4.990000000000
             200 Q     10.660000000000   16.670000000000    5.600000000000
             201 Q     10.950000000000   15.920000000000    5.470000000000
             202 Q      6.400000000000    6.320000000000   18.360000000000
             203 Q      6.840000000000    6.280000000000   19.850000000000
             204 Q      6.340000000000    6.100000000000   19.180000000000
             205 Q     16.370000000000   16.710000000000   12.360000000000
             206 Q     15.890000000000   17.100000000000   10.920000000000
             207 Q     15.820000000000   16.790000000000   11.710000000000
             208 Q     13.370000000000    4.370000000000   15.160000000000
             209 Q     14.370000000000    3.560000000000   14.180000000000
             210 Q     14.130000000000    4.040000000000   14.870000000000
             211 Q      7.590000000000   11.930000000000   17.440000000000
             212 Q      6.980000000000   13.230000000000   17.740000000000
             213 Q      7.000000000000   12.500000000000   17.370000000000
             214 Q     15.100000000000   16.720000000000   18.550000000000
             215 Q     13.770000000000   16.350000000000   19.360000000000
             216 Q     14.410000000000   16.870000000000   19.040000000000
             217 Q      5.810000000000    4.980000000000    4.690000000000
             218 Q      5.600000000000    3.530000000000    4.230000000000
             219 Q      5.550000000000    4.370000000000    4.200000000000
             220 Q      9.230000000000    6.210000000000    7.210000000000
             221 Q      8.070000000000    5.990000000000    6.160000000000
             222 Q      8.880000000000    6.150000000000    6.450000000000
             223 Q     17.490000000000    5.890000000000   15.730000000000
             224 Q     18.670000000000    5.430000000000   16.430000000000
             225 Q     18.250000000000    5.960000000000   16.010000000000
             226 Q      1.140000000000   11.140000000000   16.610000000000
             227 Q      0.890000000000   11.410000000000   15.120000000000
             228 Q      0.970000000000   11.620000000000   15.930000000000
             229 Q      9.350000000000   10.100000000000   16.400000000000
             230 Q      9.100000000000    9.830000000000   17.830000000000
             231 Q      8.890000000000   10.150000000000   17.100000000000
             232 Q     11.930000000000   21.580000000000    8.920000000000
             233 Q     11.840000000000   20.020000000000    9.010000000000
             234 Q     11.740000000000   20.830000000000    9.260000000000
             235 Q      1.920000000000   13.860000000000    7.110000000000
             236 Q      0.470000000000   14.430000000000    6.950000000000
             237 Q      1.080000000000   13.840000000000    6.900000000000
             238 Q     13.670000000000    7.830000000000    6.020000000000
             239 Q     12.880000000000    7.620000000000    7.270000000000
             240 Q     13.090000000000    8.030000000000    6.580000000000
             241 Q     16.200000000000    7.350000000000    1.860000000000
             242 Q     17.250000000000    7.670000000000    2.990000000000
             243 Q     16.610000000000    7.830000000000    2.450000000000
             244 Q      1.690000000000    7.800000000000   11.770000000000
             245 Q      2.940000000000    7.870000000000   12.860000000000
             246 Q      2.250000000000    8.150000000000   12.370000000000
             247 Q      8.710000000000   17.700000000000   11.430000000000
             248 Q      7.770000000000   16.630000000000   11.100000000000
             249 Q      8.500000000000   16.980000000000   11.090000000000
             250 Q     11.230000000000    8.150000000000    5.220000000000
             251 Q      9.980000000000    7.180000000000    5.220000000000
             252 Q     10.540000000000    7.760000000000    4.910000000000
             253 Q     12.500000000000   21.540000000000   14.200000000000
             254 Q     11.110000000000   21.800000000000   13.460000000000
             255 Q     11.650000000000   21.490000000000   14.070000000000
             256 Q      2.500000000000   10.950000000000    4.690000000000
             257 Q      4.090000000000   11.160000000000    4.540000000000
             258 Q      3.350000000000   10.700000000000    4.680000000000
             259 Q     13.940000000000   15.780000000000    5.520000000000
             260 Q     13.440000000000   14.710000000000    4.600000000000
             261 Q     13.620000000000   15.510000000000    4.800000000000
             262 Q     11.910000000000   12.920000000000    5.360000000000
             263 Q     12.010000000000   11.950000000000    4.260000000000
             264 Q     11.960000000000   12.720000000000    4.580000000000
             265 Q      5.280000000000   15.590000000000   11.800000000000
             266 Q      5.230000000000   16.820000000000   12.660000000000
             267 Q      5.490000000000   16.050000000000   12.470000000000
             268 Q     12.410000000000    7.130000000000   17.650000000000
             269 Q     11.660000000000    6.040000000000   18.510000000000
             270 Q     11.880000000000    6.820000000000   18.250000000000
             271 Q     11.770000000000    6.110000000000    2.350000000000
             272 Q     10.880000000000    7.160000000000    1.800000000000
             273 Q     11.180000000000    6.390000000000    1.830000000000
             274 Q     14.710000000000    0.380000000000   11.380000000000
             275 Q     13.400000000000   -0.190000000000   10.990000000000
             276 Q     13.900000000000    0.390000000000   11.280000000000
             277 Q      5.830000000000   10.630000000000    2.870000000000
             278 Q      4.670000000000   10.430000000000    1.890000000000
             279 Q      5.480000000000   10.480000000000    2.140000000000
             280 Q      7.780000000000   14.340000000000    1.610000000000
             281 Q      7.540000000000   12.930000000000    1.900000000000
             282 Q      7.430000000000   13.580000000000    1.460000000000
             283 Q     15.820000000000   14.310000000000   17.930000000000
             284 Q     16.880000000000   15.370000000000   17.940000000000
             285 Q     16.540000000000   14.650000000000   18.190000000000
             286 Q      5.750000000000   10.300000000000   14.240000000000
             287 Q      5.010000000000   11.500000000000   13.720000000000
             288 Q      5.600000000000   10.920000000000   13.700000000000
             289 Q     16.710000000000    5.910000000000    9.890000000000
             290 Q     17.120000000000    5.670000000000    8.380000000000
             291 Q     16.760000000000    5.470000000000    9.170000000000
             292 Q      8.620000000000    4.760000000000   15.110000000000
             293 Q      8.100000000000    3.720000000000   16.070000000000
             294 Q      8.190000000000    4.060000000000   15.300000000000
             295 Q     20.510000000000   14.730000000000   13.320000000000
             296 Q     19.920000000000   14.480000000000   14.710000000000
             297 Q     20.550000000000   14.470000000000   14.130000000000
             298 Q      7.710000000000   10.570000000000   20.410000000000
             299 Q      9.240000000000   10.900000000000   20.820000000000
             300 Q      8.490000000000   10.960000000000   20.370000000000
             301 Q     14.120000000000   19.240000000000   12.660000000000
             302 Q     13.780000000000   17.780000000000   12.130000000000
             303 Q     13.630000000000   18.530000000000   12.530000000000
             304 Q      7.230000000000   18.830000000000   17.420000000000
             305 Q      8.660000000000   19.360000000000   17.030000000000
             306 Q      7.830000000000   19.440000000000   17.330000000000
             307 Q      7.240000000000    4.310000000000   18.540000000000
             308 Q      8.660000000000    4.010000000000   18.080000000000
             309 Q      7.850000000000    3.820000000000   18.170000000000
             310 Q     16.490000000000   17.960000000000   17.350000000000
             311 Q     16.020000000000   16.910000000000   16.380000000000
             312 Q     16.430000000000   17.140000000000   17.050000000000
             313 Q      5.830000000000    7.750000000000   11.790000000000
             314 Q      6.920000000000    7.570000000000   12.640000000000
             315 Q      6.540000000000    7.450000000000   11.940000000000
             316 Q      6.770000000000    5.370000000000    9.240000000000
             317 Q      6.600000000000    6.460000000000   10.230000000000
             318 Q      6.360000000000    5.980000000000    9.600000000000
             319 Q     19.400000000000    3.440000000000   10.960000000000
             320 Q     17.960000000000    3.880000000000   10.430000000000
             321 Q     18.760000000000    3.510000000000   10.400000000000
             322 Q      6.880000000000    4.470000000000   13.990000000000
             323 Q      6.160000000000    5.870000000000   13.570000000000
             324 Q      6.360000000000    5.000000000000   13.540000000000
             325 Q     13.020000000000   10.550000000000   18.430000000000
             326 Q     12.210000000000   11.390000000000   19.420000000000
             327 Q     12.400000000000   11.090000000000   18.660000000000
             328 Q      2.260000000000    4.180000000000   13.210000000000
             329 Q      1.440000000000    4.650000000000   12.070000000000
             330 Q      1.600000000000    4.120000000000   12.680000000000
             331 Q      9.970000000000    4.730000000000    2.490000000000
             332 Q      9.460000000000    3.430000000000    1.810000000000
             333 Q      9.820000000000    3.890000000000    2.420000000000
             334 Q     19.630000000000   13.830000000000   11.240000000000
             335 Q     19.340000000000   15.420000000000   11.150000000000
             336 Q     19.770000000000   14.670000000000   11.380000000000
             337 Q     11.060000000000   19.340000000000   16.980000000000
             338 Q     10.590000000000   20.140000000000   15.730000000000
             339 Q     10.540000000000   19.570000000000   16.330000000000
             340 Q      7.010000000000   -0.460000000000   11.940000000000
             341 Q      7.290000000000    0.000000000000   13.310000000000
             342 Q      7.300000000000    0.090000000000   12.490000000000
             343 Q      9.540000000000   18.480000000000   13.210000000000
             344 Q      8.300000000000   19.370000000000   13.460000000000
             345 Q      8.850000000000   18.890000000000   12.970000000000
             346 Q      4.160000000000   19.250000000000   13.380000000000
             347 Q      4.460000000000   18.410000000000   14.610000000000
             348 Q      4.490000000000   19.110000000000   14.140000000000
             349 Q     17.300000000000   11.210000000000   19.900000000000
             350 Q     16.500000000000   10.360000000000   20.830000000000
             351 Q     16.590000000000   10.830000000000   20.160000000000
             352 Q     11.640000000000   19.030000000000   19.330000000000
             353 Q     12.870000000000   18.130000000000   18.810000000000
             354 Q     12.280000000000   18.800000000000   18.790000000000
             355 Q     10.730000000000    3.310000000000   18.570000000000
             356 Q     10.910000000000    4.170000000000   17.250000000000
             357 Q     10.660000000000    3.990000000000   18.050000000000
             358 Q     12.940000000000    4.340000000000    4.240000000000
             359 Q     13.780000000000    5.660000000000    3.910000000000
             360 Q     13.150000000000    5.050000000000    3.820000000000
             361 Q      6.060000000000    7.130000000000    6.250000000000
             362 Q      6.400000000000    7.150000000000    4.810000000000
             363 Q      6.340000000000    6.800000000000    5.570000000000
             364 Q     19.240000000000   12.450000000000   18.940000000000
             365 Q     17.910000000000   13.180000000000   18.980000000000
             366 Q     18.530000000000   12.710000000000   19.290000000000
             367 Q     18.390000000000    6.760000000000    5.370000000000
             368 Q     18.480000000000    8.250000000000    4.870000000000
             369 Q     18.560000000000    7.380000000000    4.830000000000
             370 Q     20.150000000000   13.560000000000    6.970000000000
             371 Q     19.250000000000   14.660000000000    7.120000000000
             372 Q     19.890000000000   14.310000000000    6.770000000000
             373 Q      5.830000000000   14.260000000000   19.340000000000
             374 Q      4.680000000000   14.230000000000   18.290000000000
             375 Q      5.390000000000   14.540000000000   18.680000000000
             376 Q     15.030000000000    1.270000000000   14.220000000000
             377 Q     14.420000000000    1.590000000000   12.830000000000
             378 Q     14.930000000000    1.700000000000   13.500000000000
             379 Q      4.310000000000   14.880000000000    6.490000000000
             380 Q      3.910000000000   14.730000000000    7.940000000000
             381 Q      3.780000000000   14.860000000000    7.120000000000
             382 Q     16.560000000000   12.200000000000   14.710000000000
             383 Q     15.760000000000   12.390000000000   16.030000000000
             384 Q     16.410000000000   12.140000000000   15.540000000000
             385 Q     14.680000000000   16.320000000000    3.210000000000
             386 Q     15.960000000000   16.250000000000    2.400000000000
             387 Q     15.180000000000   16.480000000000    2.540000000000
             388 Q      1.670000000000    9.780000000000    9.100000000000
             389 Q      0.330000000000    9.290000000000    9.490000000000
             390 Q      0.980000000000    9.770000000000    9.570000000000
             391 Q      6.970000000000    9.360000000000    0.910000000000
             392 Q      7.870000000000    8.430000000000    0.110000000000
             393 Q      7.610000000000    8.890000000000    0.780000000000
             394 Q     10.920000000000    1.030000000000   11.510000000000
             395 Q      9.560000000000    0.370000000000   11.780000000000
             396 Q     10.300000000000    0.740000000000   11.970000000000
             397 Q      7.380000000000    2.350000000000    7.870000000000
             398 Q      6.160000000000    1.500000000000    7.510000000000
             399 Q      6.990000000000    1.680000000000    7.570000000000
             400 Q     13.610000000000   12.550000000000   21.220000000000
             401 Q     12.180000000000   12.420000000000   21.830000000000
             402 Q     12.810000000000   12.290000000000   21.240000000000
             403 Q      8.560000000000   17.020000000000    9.060000000000
             404 Q      8.310000000000   16.600000000000    7.600000000000
             405 Q      8.230000000000   17.110000000000    8.280000000000
             406 Q     15.400000000000    3.470000000000    5.580000000000
             407 Q     14.680000000000    4.180000000000    6.680000000000
             408 Q     15.220000000000    4.120000000000    6.070000000000
             409 Q      2.980000000000    7.340000000000    6.760000000000
             410 Q      3.020000000000    7.230000000000    5.280000000000
             411 Q      2.710000000000    7.050000000000    6.010000000000
             412 Q      0.450000000000   10.810000000000   13.330000000000
             413 Q      1.580000000000    9.780000000000   13.210000000000
             414 Q      1.200000000000   10.470000000000   13.520000000000
             415 Q      8.780000000000    3.330000000000    9.290000000000
             416 Q      7.270000000000    3.200000000000    9.870000000000
             417 Q      7.890000000000    3.440000000000    9.310000000000
             418 Q     20.120000000000   10.950000000000   13.520000000000
             419 Q     20.710000000000   12.320000000000   13.410000000000
             420 Q     20.590000000000   11.520000000000   13.180000000000
             421 Q     21.940000000000   12.530000000000    8.220000000000
             422 Q     21.960000000000   11.220000000000    9.150000000000
             423 Q     21.650000000000   11.940000000000    8.770000000000
             424 Q      5.660000000000   14.270000000000    9.850000000000
             425 Q      4.190000000000   14.270000000000   10.150000000000
             426 Q      4.900000000000   14.640000000000    9.950000000000
             427 Q      6.880000000000    7.550000000000   15.240000000000
             428 Q      7.970000000000    8.360000000000   14.570000000000
             429 Q      7.230000000000    7.970000000000   14.620000000000
             430 Q     18.830000000000   14.660000000000   16.230000000000
             431 Q     17.700000000000   13.840000000000   15.600000000000
             432 Q     18.380000000000   14.380000000000   15.620000000000
             433 Q      4.750000000000    2.280000000000   10.340000000000
             434 Q      3.940000000000    2.910000000000    9.280000000000
             435 Q      4.170000000000    2.300000000000    9.760000000000
             436 Q      5.850000000000   15.720000000000    4.310000000000
             437 Q      5.000000000000   14.580000000000    3.650000000000
             438 Q      5.370000000000   15.020000000000    4.280000000000
             439 Q      5.670000000000   12.920000000000    5.240000000000
             440 Q      6.570000000000   11.720000000000    5.250000000000
             441 Q      5.840000000000   12.110000000000    5.120000000000
             442 Q      6.850000000000    1.900000000000   11.660000000000
             443 Q      6.700000000000    3.340000000000   12.040000000000
             444 Q      6.610000000000    2.670000000000   11.520000000000
             445 Q     14.140000000000    8.250000000000   17.180000000000
             446 Q     14.070000000000    7.530000000000   15.780000000000
             447 Q     13.870000000000    7.660000000000   16.590000000000
             448 Q      3.460000000000    7.010000000000   17.850000000000
             449 Q      3.740000000000    8.190000000000   16.860000000000
             450 Q      3.620000000000    7.370000000000   17.100000000000
             451 Q     14.040000000000    9.010000000000   19.210000000000
             452 Q     15.130000000000    9.840000000000   18.780000000000
             453 Q     14.460000000000    9.420000000000   18.650000000000
             454 Q     13.080000000000    1.910000000000    8.410000000000
             455 Q     12.460000000000    1.640000000000    7.000000000000
             456 Q     12.680000000000    1.440000000000    7.790000000000
             457 Q      7.980000000000   16.560000000000    3.640000000000
             458 Q      7.790000000000   17.780000000000    4.640000000000
             459 Q      7.660000000000   16.990000000000    4.310000000000
             460 Q     13.870000000000   13.040000000000   17.840000000000
             461 Q     13.930000000000   13.340000000000   16.310000000000
             462 Q     14.230000000000   13.060000000000   17.070000000000
             463 Q      8.960000000000    6.590000000000   20.720000000000
             464 Q      8.310000000000    7.680000000000   19.990000000000
             465 Q      8.360000000000    7.130000000000   20.570000000000
             466 Q     20.100000000000    6.500000000000   14.390000000000
             467 Q     20.720000000000    6.490000000000   13.040000000000
             468 Q     20.730000000000    6.420000000000   13.870000000000
             469 Q      9.120000000000    0.790000000000   14.050000000000
             470 Q      8.900000000000    2.160000000000   14.720000000000
             471 Q      9.070000000000    1.350000000000   14.680000000000
             472 Q      5.950000000000    5.130000000000   15.800000000000
             473 Q      5.030000000000    6.280000000000   16.310000000000
             474 Q      5.770000000000    5.890000000000   16.120000000000
             475 Q     12.490000000000    1.870000000000    4.970000000000
             476 Q     11.670000000000    3.010000000000    5.610000000000
             477 Q     12.360000000000    2.650000000000    5.300000000000
             478 Q     18.060000000000   10.890000000000    8.410000000000
             479 Q     19.080000000000    9.750000000000    8.540000000000
             480 Q     18.380000000000   10.130000000000    8.250000000000
             481 Q     16.950000000000    9.850000000000    5.040000000000
             482 Q     17.660000000000    9.820000000000    6.440000000000
             483 Q     17.590000000000    9.730000000000    5.600000000000
             484 Q     19.900000000000   12.030000000000    9.800000000000
             485 Q     19.410000000000   11.900000000000   11.320000000000
             486 Q     19.340000000000   12.070000000000   10.470000000000
             487 Q     18.590000000000    7.320000000000   11.460000000000
             488 Q     19.000000000000    5.990000000000   10.810000000000
             489 Q     18.750000000000    6.820000000000   10.820000000000
             490 Q     11.090000000000   18.650000000000    7.310000000000
             491 Q     12.520000000000   18.140000000000    7.190000000000
             492 Q     11.880000000000   18.490000000000    7.600000000000
             493 Q      2.310000000000   14.370000000000   17.390000000000
             494 Q      2.490000000000   13.290000000000   18.490000000000
             495 Q      2.740000000000   13.880000000000   17.920000000000
             496 Q     18.410000000000   17.130000000000    9.760000000000
             497 Q     19.950000000000   17.300000000000    9.610000000000
             498 Q     19.230000000000   17.100000000000    9.980000000000
             499 Q     15.170000000000   11.230000000000    1.490000000000
             500 Q     14.250000000000   12.460000000000    1.720000000000
             501 Q     14.610000000000   11.710000000000    1.880000000000
             502 Q      5.750000000000   13.740000000000   14.870000000000
             503 Q      6.200000000000   14.960000000000   14.000000000000
             504 Q      6.290000000000   14.310000000000   14.540000000000
             505 Q     16.180000000000   19.840000000000   13.520000000000
             506 Q     15.940000000000   20.560000000000   12.200000000000
             507 Q     15.700000000000   20.200000000000   12.940000000000
             508 Q      7.120000000000   21.610000000000    8.300000000000
             509 Q      7.700000000000   20.270000000000    8.830000000000
             510 Q      7.150000000000   20.770000000000    8.420000000000
             511 Q      2.870000000000   12.470000000000   10.750000000000
             512 Q      2.690000000000   12.130000000000    9.320000000000
             513 Q      2.780000000000   12.660000000000    9.950000000000
             514 Q     17.340000000000    7.780000000000   13.880000000000
             515 Q     18.670000000000    8.700000000000   13.710000000000
             516 Q     18.080000000000    8.080000000000   13.480000000000
             517 Q      9.990000000000   12.340000000000    1.430000000000
             518 Q      9.690000000000   13.390000000000    0.290000000000
             519 Q     10.160000000000   12.890000000000    0.800000000000
             520 Q      9.950000000000   20.470000000000   10.200000000000
             521 Q      9.360000000000   19.870000000000   11.410000000000
             522 Q      9.330000000000   20.340000000000   10.710000000000
             523 Q     18.210000000000    7.340000000000   17.650000000000
             524 Q     17.910000000000    8.760000000000   17.960000000000
             525 Q     17.870000000000    7.930000000000   18.090000000000
             526 Q     16.490000000000   13.630000000000   10.730000000000
             527 Q     17.530000000000   12.800000000000   10.250000000000
             528 Q     16.870000000000   13.260000000000   10.120000000000
             529 Q      2.560000000000    5.090000000000   15.250000000000
             530 Q      3.710000000000    4.010000000000   15.340000000000
             531 Q      3.210000000000    4.600000000000   14.940000000000
             532 Q      3.000000000000   17.720000000000   11.390000000000
             533 Q      4.360000000000   18.030000000000   10.660000000000
             534 Q      3.810000000000   18.050000000000   11.310000000000
             535 Q     15.680000000000   12.220000000000   20.680000000000
             536 Q     15.510000000000   13.760000000000   20.780000000000
             537 Q     15.480000000000   12.950000000000   21.080000000000
             538 Q     11.980000000000   14.120000000000    1.500000000000
             539 Q     12.520000000000   13.620000000000    2.730000000000
             540 Q     12.570000000000   14.050000000000    2.020000000000
             541 Q     11.210000000000   18.210000000000   14.760000000000
             542 Q     11.850000000000   18.180000000000   13.430000000000
             543 Q     11.270000000000   17.940000000000   13.960000000000
             544 Q     11.040000000000    3.040000000000    9.630000000000
             545 Q     10.790000000000    2.010000000000    8.580000000000
             546 Q     10.580000000000    2.590000000000    9.130000000000
             547 Q     12.310000000000   15.600000000000   20.120000000000
             548 Q     12.690000000000   14.130000000000   20.170000000000
             549 Q     12.660000000000   14.890000000000   19.840000000000
             550 Q     18.170000000000   18.090000000000    7.570000000000
             551 Q     19.480000000000   18.540000000000    7.000000000000
             552 Q     18.640000000000   18.480000000000    7.010000000000
             553 Q      4.030000000000    6.460000000000   14.460000000000
             554 Q      4.550000000000    7.950000000000   14.520000000000
             555 Q      4.160000000000    7.260000000000   14.190000000000
             556 Q      4.850000000000    5.350000000000   10.610000000000
             557 Q      4.590000000000    4.970000000000   12.050000000000
             558 Q      4.390000000000    5.130000000000   11.270000000000
             559 Q     10.900000000000    2.180000000000   13.430000000000
             560 Q     11.640000000000    3.260000000000   12.670000000000
             561 Q     11.430000000000    2.810000000000   13.350000000000
             562 Q      8.920000000000   18.590000000000    6.270000000000
             563 Q      9.920000000000   19.150000000000    5.370000000000
             564 Q      9.660000000000   18.590000000000    5.880000000000
             565 Q     12.750000000000    4.400000000000   11.210000000000
             566 Q     11.090000000000    4.740000000000   11.060000000000
             567 Q     11.850000000000    4.290000000000   11.010000000000
             568 Q     10.300000000000    9.110000000000   19.750000000000
             569 Q     10.510000000000    8.070000000000   18.720000000000
             570 Q     10.120000000000    8.720000000000   19.060000000000
             571 Q      8.600000000000   11.660000000000    6.580000000000
             572 Q      8.400000000000   10.190000000000    6.050000000000
             573 Q      8.340000000000   11.040000000000    6.040000000000
             574 Q      9.330000000000    9.180000000000    1.820000000000
             575 Q     10.220000000000    8.670000000000    3.070000000000
             576 Q     10.060000000000    8.970000000000    2.260000000000
             577 Q      3.800000000000   13.000000000000   16.280000000000
             578 Q      5.280000000000   12.590000000000   16.480000000000
             579 Q      4.550000000000   12.640000000000   16.080000000000
             580 Q     11.350000000000   16.920000000000    8.580000000000
             581 Q     11.180000000000   15.850000000000    9.720000000000
             582 Q     11.410000000000   16.130000000000    8.950000000000
             583 Q      9.210000000000   15.220000000000    6.020000000000
             584 Q      7.830000000000   15.460000000000    5.510000000000
             585 Q      8.380000000000   15.220000000000    6.080000000000
             586 Q     13.600000000000   16.670000000000   15.500000000000
             587 Q     14.190000000000   17.460000000000   14.320000000000
             588 Q     14.170000000000   17.160000000000   15.110000000000
             589 Q      7.320000000000   12.690000000000   20.280000000000
             590 Q      7.180000000000   13.600000000000   21.460000000000
             591 Q      6.940000000000   13.290000000000   20.720000000000
             592 Q      4.780000000000    8.030000000000    3.290000000000
             593 Q      3.570000000000    9.000000000000    3.800000000000
             594 Q      3.950000000000    8.290000000000    3.460000000000
             595 Q     13.950000000000    7.450000000000   20.940000000000
             596 Q     12.660000000000    7.370000000000   19.970000000000
             597 Q     13.250000000000    7.720000000000   20.510000000000
             598 Q      0.990000000000   14.060000000000    9.890000000000
             599 Q     -0.350000000000   14.780000000000   10.180000000000
             600 Q      0.400000000000   14.700000000000    9.840000000000
             601 Q     17.970000000000    5.140000000000   13.120000000000
             602 Q     17.630000000000    3.770000000000   12.530000000000
             603 Q     17.520000000000    4.620000000000   12.650000000000
             604 Q     17.510000000000   15.940000000000   14.290000000000
             605 Q     17.300000000000   17.520000000000   14.260000000000
             606 Q     17.530000000000   16.760000000000   13.950000000000
