-------------------------------------------------------------
----------------------- !PROPERTIES! ------------------------
-------------------------------------------------------------
# -----------------------------------------------------------
$ PAL_Flags
   description: The PAL Flags
   geom. index: 1
   prop. index: 1
        Diskflag:     2
# -----------------------------------------------------------
$ SCF_Energy
   description: The SCF energy
   geom. index: 1
   prop. index: 1
        SCF Energy:    -2762.6035001193
# -----------------------------------------------------------
$ DFT_Energy
   description: The DFT energy
   geom. index: 1
   prop. index: 1
   Number of Alpha Electrons                175.0000006495 
   Number of Beta  Electrons                175.0000006495 
   Total number of  Electrons               350.0000012989 
   Exchange energy                         -245.6988144444 
   Correlation energy                       -14.1718426056 
   Correlation energy NL                      0.0000000000 
   Exchange-Correlation energy             -259.8706570500 
   Embedding correction                       0.0000000000 
   Total DFT Energy (No VdW correction)   -2762.6035001193 
# -----------------------------------------------------------
$ Mayer_Pop
   description: The Mayer population analysis
   geom. index: 1
   prop. index: 1
     Number of atoms                     : 604
     Threshold for printing              : 0.1000000
     Number of bond orders printed       : 79
  NA   - Mulliken gross atomic population
  ZA   - Total nuclear charge
  QA   - Mulliken gross atomic charge
  VA   - Mayer's total valence
  BVA  - Mayer's bonded valence
  FA   - Mayer's free valence
  ATOM       NA         ZA         QA         VA         BVA        FA
  0   0     6.2929     6.0000    -0.2929     3.8105     3.8105     0.0000
  1   0     0.8016     1.0000     0.1984     0.9458     0.9458    -0.0000
  2   0     0.7444     1.0000     0.2556     0.8809     0.8809    -0.0000
  3   0     6.2351     6.0000    -0.2351     3.6493     3.6493     0.0000
  4   0     0.7708     1.0000     0.2292     0.9177     0.9177    -0.0000
  5   0     0.8539     1.0000     0.1461     1.0106     1.0106    -0.0000
  6   0     6.3049     6.0000    -0.3049     3.7402     3.7402     0.0000
  7   0     0.8498     1.0000     0.1502     0.9791     0.9791     0.0000
  8   0     0.8537     1.0000     0.1463     1.0035     1.0035     0.0000
  9   0     6.1221     6.0000    -0.1221     3.5494     3.5494     0.0000
 10   0     0.8012     1.0000     0.1988     0.9692     0.9692     0.0000
 11   0     0.8182     1.0000     0.1818     0.9436     0.9436     0.0000
 12   0     8.5511     8.0000    -0.5511     1.7393     1.7393     0.0000
 13   0     0.8257     1.0000     0.1743     1.0544     1.0544     0.0000
 14   0     8.4698     8.0000    -0.4698     1.9820     1.9820    -0.0000
 15   0     0.7301     1.0000     0.2699     0.9499     0.9499    -0.0000
 16   0     8.6094     8.0000    -0.6094     2.0388     2.0388    -0.0000
 17   0     0.6731     1.0000     0.3269     0.9115     0.9115     0.0000
 18   0     0.7439     1.0000     0.2561     0.9757     0.9757    -0.0000
 19   0     8.5184     8.0000    -0.5184     1.9396     1.9396    -0.0000
 20   0     0.7442     1.0000     0.2558     0.9835     0.9835     0.0000
 21   0     0.7736     1.0000     0.2264     0.9904     0.9904    -0.0000
 22   0     8.4613     8.0000    -0.4613     2.0549     2.0549    -0.0000
 23   0     0.7593     1.0000     0.2407     0.9933     0.9933    -0.0000
 24   0     0.7759     1.0000     0.2241     0.9823     0.9823     0.0000
 25   0     8.5424     8.0000    -0.5424     2.0077     2.0077    -0.0000
 26   0     0.7392     1.0000     0.2608     0.9730     0.9730    -0.0000
 27   0     0.7366     1.0000     0.2634     0.9559     0.9559    -0.0000
 28   0     8.5870     8.0000    -0.5870     1.9540     1.9540    -0.0000
 29   0     0.7772     1.0000     0.2228     1.0026     1.0026    -0.0000
 30   0     0.6581     1.0000     0.3419     0.9116     0.9116     0.0000
 31   0     8.6496     8.0000    -0.6496     1.8226     1.8226     0.0000
 32   0     0.6846     1.0000     0.3154     0.9296     0.9296     0.0000
 33   0     0.6434     1.0000     0.3566     0.8812     0.8812     0.0000
 34   0     8.6135     8.0000    -0.6135     1.8174     1.8174     0.0000
 35   0     0.7586     1.0000     0.2414     1.0162     1.0162    -0.0000
 36   0     0.6247     1.0000     0.3753     0.8811     0.8811     0.0000
 37   0     8.5528     8.0000    -0.5528     1.9262     1.9262    -0.0000
 38   0     0.7598     1.0000     0.2402     1.0129     1.0129    -0.0000
 39   0     0.6853     1.0000     0.3147     0.8988     0.8988     0.0000
 40   0     8.5788     8.0000    -0.5788     1.8599     1.8599     0.0000
 41   0     0.7797     1.0000     0.2203     1.0252     1.0252     0.0000
 42   0     0.6268     1.0000     0.3732     0.9036     0.9036    -0.0000
 43   0     8.5757     8.0000    -0.5757     1.9180     1.9180    -0.0000
 44   0     0.6893     1.0000     0.3107     0.9321     0.9321     0.0000
 45   0     0.7110     1.0000     0.2890     0.9417     0.9417    -0.0000
 46   0     8.5971     8.0000    -0.5971     1.9419     1.9419    -0.0000
 47   0     0.7127     1.0000     0.2873     0.9515     0.9515    -0.0000
 48   0     0.6774     1.0000     0.3226     0.9118     0.9118     0.0000
 49   0     8.5155     8.0000    -0.5155     1.8772     1.8772    -0.0000
 50   0     0.7972     1.0000     0.2028     1.0371     1.0371     0.0000
 51   0     0.7196     1.0000     0.2804     0.9544     0.9544    -0.0000
 52   0     8.6120     8.0000    -0.6120     1.9594     1.9594    -0.0000
 53   0     0.6440     1.0000     0.3560     0.9097     0.9097    -0.0000
 54   0     0.7482     1.0000     0.2518     0.9839     0.9839     0.0000
 55   0     8.4666     8.0000    -0.4666     1.9056     1.9056    -0.0000
 56   0     0.7159     1.0000     0.2841     0.9592     0.9592    -0.0000
 57   0     0.7945     1.0000     0.2055     1.0000     1.0000     0.0000
 58   0     8.5978     8.0000    -0.5978     1.8716     1.8716    -0.0000
 59   0     0.7774     1.0000     0.2226     1.0529     1.0529    -0.0000
 60   0     0.6444     1.0000     0.3556     0.8978     0.8978    -0.0000
 61   0     8.5389     8.0000    -0.5389     1.8729     1.8729     0.0000
 62   0     0.7059     1.0000     0.2941     0.9548     0.9548    -0.0000
 63   0     0.7600     1.0000     0.2400     0.9889     0.9889     0.0000
 64   0     8.7509     8.0000    -0.7509     1.6754     1.6754    -0.0000
 65   0     0.6342     1.0000     0.3658     0.8605     0.8605    -0.0000
 66   0     0.6477     1.0000     0.3523     0.8991     0.8991     0.0000
 67   0     8.6771     8.0000    -0.6771     1.9134     1.9134     0.0000
 68   0     0.6442     1.0000     0.3558     0.8780     0.8780    -0.0000
 69   0     0.6549     1.0000     0.3451     0.9085     0.9085     0.0000
 70   0     8.4824     8.0000    -0.4824     1.9686     1.9686     0.0000
 71   0     0.8253     1.0000     0.1747     1.0193     1.0193    -0.0000
 72   0     0.7077     1.0000     0.2923     0.9189     0.9189    -0.0000
 73   0     8.5161     8.0000    -0.5161     1.9276     1.9276    -0.0000
 74   0     0.7242     1.0000     0.2758     0.9666     0.9666    -0.0000
 75   0     0.7567     1.0000     0.2433     0.9916     0.9916     0.0000
 76   0     8.4788     8.0000    -0.4788     1.9484     1.9484     0.0000
 77   0     0.7117     1.0000     0.2883     0.9437     0.9437     0.0000
 78   0     0.7822     1.0000     0.2178     0.9727     0.9727     0.0000
 79   0     8.5168     8.0000    -0.5168     1.8973     1.8973    -0.0000
 80   0     0.7401     1.0000     0.2599     0.9570     0.9570    -0.0000
 81   0     0.7157     1.0000     0.2843     0.9425     0.9425    -0.0000
 82   0     8.6068     8.0000    -0.6068     1.8411     1.8411    -0.0000
 83   0     0.6788     1.0000     0.3212     0.9142     0.9142     0.0000
 84   0     0.7064     1.0000     0.2936     0.9320     0.9320    -0.0000
 85   0     8.5639     8.0000    -0.5639     1.9371     1.9371    -0.0000
 86   0     0.7192     1.0000     0.2808     0.9530     0.9530    -0.0000
 87   0     0.6864     1.0000     0.3136     0.9315     0.9315     0.0000
 88   0     8.7243     8.0000    -0.7243     1.7838     1.7838     0.0000
 89   0     0.6449     1.0000     0.3551     0.9028     0.9028     0.0000
 90   0     0.6586     1.0000     0.3414     0.9342     0.9342     0.0000
 91   0     8.5853     8.0000    -0.5853     1.9496     1.9496    -0.0000
 92   0     0.7019     1.0000     0.2981     0.9769     0.9769     0.0000
 93   0     0.7048     1.0000     0.2952     0.9755     0.9755    -0.0000
 94   0     8.5621     8.0000    -0.5621     1.8090     1.8090    -0.0000
 95   0     0.6949     1.0000     0.3051     0.9193     0.9193    -0.0000
 96   0     0.7250     1.0000     0.2750     0.9048     0.9048     0.0000
 97   0     8.5618     8.0000    -0.5618     1.8932     1.8932    -0.0000
 98   0     0.7136     1.0000     0.2864     0.9612     0.9612    -0.0000
 99   0     0.7444     1.0000     0.2556     0.9860     0.9860     0.0000
100   0     8.6239     8.0000    -0.6239     1.8829     1.8829    -0.0000
101   0     0.6599     1.0000     0.3401     0.9242     0.9242    -0.0000
102   0     0.7138     1.0000     0.2862     1.0076     1.0076    -0.0000
103   0     8.4765     8.0000    -0.4765     1.9034     1.9034    -0.0000
104   0     0.7395     1.0000     0.2605     0.9509     0.9509    -0.0000
105   0     0.7530     1.0000     0.2470     0.9775     0.9775    -0.0000
106   0     0.0000     0.6645     0.6645     0.0000     0.0000     0.0000
107   0     0.0000     0.6645     0.6645     0.0000     0.0000     0.0000
108   0     0.0000    -1.3290    -1.3290     0.0000     0.0000     0.0000
109   0     0.0000     0.6645     0.6645     0.0000     0.0000     0.0000
110   0     0.0000     0.6645     0.6645     0.0000     0.0000     0.0000
111   0     0.0000    -1.3290    -1.3290     0.0000     0.0000     0.0000
112   0     0.0000     0.6645     0.6645     0.0000     0.0000     0.0000
113   0     0.0000     0.6645     0.6645     0.0000     0.0000     0.0000
114   0     0.0000    -1.3290    -1.3290     0.0000     0.0000     0.0000
115   0     0.0000     0.6645     0.6645     0.0000     0.0000     0.0000
116   0     0.0000     0.6645     0.6645     0.0000     0.0000     0.0000
117   0     0.0000    -1.3290    -1.3290     0.0000     0.0000     0.0000
118   0     0.0000     0.6645     0.6645     0.0000     0.0000     0.0000
119   0     0.0000     0.6645     0.6645     0.0000     0.0000     0.0000
120   0     0.0000    -1.3290    -1.3290     0.0000     0.0000     0.0000
121   0     0.0000     0.6645     0.6645     0.0000     0.0000     0.0000
122   0     0.0000     0.6645     0.6645     0.0000     0.0000     0.0000
123   0     0.0000    -1.3290    -1.3290     0.0000     0.0000     0.0000
124   0     0.0000     0.6645     0.6645     0.0000     0.0000     0.0000
125   0     0.0000     0.6645     0.6645     0.0000     0.0000     0.0000
126   0     0.0000    -1.3290    -1.3290     0.0000     0.0000     0.0000
127   0     0.0000     0.6645     0.6645     0.0000     0.0000     0.0000
128   0     0.0000     0.6645     0.6645     0.0000     0.0000     0.0000
129   0     0.0000    -1.3290    -1.3290     0.0000     0.0000     0.0000
130   0     0.0000     0.6645     0.6645     0.0000     0.0000     0.0000
131   0     0.0000     0.6645     0.6645     0.0000     0.0000     0.0000
132   0     0.0000    -1.3290    -1.3290     0.0000     0.0000     0.0000
133   0     0.0000     0.6645     0.6645     0.0000     0.0000     0.0000
134   0     0.0000     0.6645     0.6645     0.0000     0.0000     0.0000
135   0     0.0000    -1.3290    -1.3290     0.0000     0.0000     0.0000
136   0     0.0000     0.6645     0.6645     0.0000     0.0000     0.0000
137   0     0.0000     0.6645     0.6645     0.0000     0.0000     0.0000
138   0     0.0000    -1.3290    -1.3290     0.0000     0.0000     0.0000
139   0     0.0000     0.6645     0.6645     0.0000     0.0000     0.0000
140   0     0.0000     0.6645     0.6645     0.0000     0.0000     0.0000
141   0     0.0000    -1.3290    -1.3290     0.0000     0.0000     0.0000
142   0     0.0000     0.6645     0.6645     0.0000     0.0000     0.0000
143   0     0.0000     0.6645     0.6645     0.0000     0.0000     0.0000
144   0     0.0000    -1.3290    -1.3290     0.0000     0.0000     0.0000
145   0     0.0000     0.6645     0.6645     0.0000     0.0000     0.0000
146   0     0.0000     0.6645     0.6645     0.0000     0.0000     0.0000
147   0     0.0000    -1.3290    -1.3290     0.0000     0.0000     0.0000
148   0     0.0000     0.6645     0.6645     0.0000     0.0000     0.0000
149   0     0.0000     0.6645     0.6645     0.0000     0.0000     0.0000
150   0     0.0000    -1.3290    -1.3290     0.0000     0.0000     0.0000
151   0     0.0000     0.6645     0.6645     0.0000     0.0000     0.0000
152   0     0.0000     0.6645     0.6645     0.0000     0.0000     0.0000
153   0     0.0000    -1.3290    -1.3290     0.0000     0.0000     0.0000
154   0     0.0000     0.6645     0.6645     0.0000     0.0000     0.0000
155   0     0.0000     0.6645     0.6645     0.0000     0.0000     0.0000
156   0     0.0000    -1.3290    -1.3290     0.0000     0.0000     0.0000
157   0     0.0000     0.6645     0.6645     0.0000     0.0000     0.0000
158   0     0.0000     0.6645     0.6645     0.0000     0.0000     0.0000
159   0     0.0000    -1.3290    -1.3290     0.0000     0.0000     0.0000
160   0     0.0000     0.6645     0.6645     0.0000     0.0000     0.0000
161   0     0.0000     0.6645     0.6645     0.0000     0.0000     0.0000
162   0     0.0000    -1.3290    -1.3290     0.0000     0.0000     0.0000
163   0     0.0000     0.6645     0.6645     0.0000     0.0000     0.0000
164   0     0.0000     0.6645     0.6645     0.0000     0.0000     0.0000
165   0     0.0000    -1.3290    -1.3290     0.0000     0.0000     0.0000
166   0     0.0000     0.6645     0.6645     0.0000     0.0000     0.0000
167   0     0.0000     0.6645     0.6645     0.0000     0.0000     0.0000
168   0     0.0000    -1.3290    -1.3290     0.0000     0.0000     0.0000
169   0     0.0000     0.6645     0.6645     0.0000     0.0000     0.0000
170   0     0.0000     0.6645     0.6645     0.0000     0.0000     0.0000
171   0     0.0000    -1.3290    -1.3290     0.0000     0.0000     0.0000
172   0     0.0000     0.6645     0.6645     0.0000     0.0000     0.0000
173   0     0.0000     0.6645     0.6645     0.0000     0.0000     0.0000
174   0     0.0000    -1.3290    -1.3290     0.0000     0.0000     0.0000
175   0     0.0000     0.6645     0.6645     0.0000     0.0000     0.0000
176   0     0.0000     0.6645     0.6645     0.0000     0.0000     0.0000
177   0     0.0000    -1.3290    -1.3290     0.0000     0.0000     0.0000
178   0     0.0000     0.6645     0.6645     0.0000     0.0000     0.0000
179   0     0.0000     0.6645     0.6645     0.0000     0.0000     0.0000
180   0     0.0000    -1.3290    -1.3290     0.0000     0.0000     0.0000
181   0     0.0000     0.6645     0.6645     0.0000     0.0000     0.0000
182   0     0.0000     0.6645     0.6645     0.0000     0.0000     0.0000
183   0     0.0000    -1.3290    -1.3290     0.0000     0.0000     0.0000
184   0     0.0000     0.6645     0.6645     0.0000     0.0000     0.0000
185   0     0.0000     0.6645     0.6645     0.0000     0.0000     0.0000
186   0     0.0000    -1.3290    -1.3290     0.0000     0.0000     0.0000
187   0     0.0000     0.6645     0.6645     0.0000     0.0000     0.0000
188   0     0.0000     0.6645     0.6645     0.0000     0.0000     0.0000
189   0     0.0000    -1.3290    -1.3290     0.0000     0.0000     0.0000
190   0     0.0000     0.6645     0.6645     0.0000     0.0000     0.0000
191   0     0.0000     0.6645     0.6645     0.0000     0.0000     0.0000
192   0     0.0000    -1.3290    -1.3290     0.0000     0.0000     0.0000
193   0     0.0000     0.6645     0.6645     0.0000     0.0000     0.0000
194   0     0.0000     0.6645     0.6645     0.0000     0.0000     0.0000
195   0     0.0000    -1.3290    -1.3290     0.0000     0.0000     0.0000
196   0     0.0000     0.6645     0.6645     0.0000     0.0000     0.0000
197   0     0.0000     0.6645     0.6645     0.0000     0.0000     0.0000
198   0     0.0000    -1.3290    -1.3290     0.0000     0.0000     0.0000
199   0     0.0000     0.6645     0.6645     0.0000     0.0000     0.0000
200   0     0.0000     0.6645     0.6645     0.0000     0.0000     0.0000
201   0     0.0000    -1.3290    -1.3290     0.0000     0.0000     0.0000
202   0     0.0000     0.6645     0.6645     0.0000     0.0000     0.0000
203   0     0.0000     0.6645     0.6645     0.0000     0.0000     0.0000
204   0     0.0000    -1.3290    -1.3290     0.0000     0.0000     0.0000
205   0     0.0000     0.6645     0.6645     0.0000     0.0000     0.0000
206   0     0.0000     0.6645     0.6645     0.0000     0.0000     0.0000
207   0     0.0000    -1.3290    -1.3290     0.0000     0.0000     0.0000
208   0     0.0000     0.6645     0.6645     0.0000     0.0000     0.0000
209   0     0.0000     0.6645     0.6645     0.0000     0.0000     0.0000
210   0     0.0000    -1.3290    -1.3290     0.0000     0.0000     0.0000
211   0     0.0000     0.6645     0.6645     0.0000     0.0000     0.0000
212   0     0.0000     0.6645     0.6645     0.0000     0.0000     0.0000
213   0     0.0000    -1.3290    -1.3290     0.0000     0.0000     0.0000
214   0     0.0000     0.6645     0.6645     0.0000     0.0000     0.0000
215   0     0.0000     0.6645     0.6645     0.0000     0.0000     0.0000
216   0     0.0000    -1.3290    -1.3290     0.0000     0.0000     0.0000
217   0     0.0000     0.6645     0.6645     0.0000     0.0000     0.0000
218   0     0.0000     0.6645     0.6645     0.0000     0.0000     0.0000
219   0     0.0000    -1.3290    -1.3290     0.0000     0.0000     0.0000
220   0     0.0000     0.6645     0.6645     0.0000     0.0000     0.0000
221   0     0.0000     0.6645     0.6645     0.0000     0.0000     0.0000
222   0     0.0000    -1.3290    -1.3290     0.0000     0.0000     0.0000
223   0     0.0000     0.6645     0.6645     0.0000     0.0000     0.0000
224   0     0.0000     0.6645     0.6645     0.0000     0.0000     0.0000
225   0     0.0000    -1.3290    -1.3290     0.0000     0.0000     0.0000
226   0     0.0000     0.6645     0.6645     0.0000     0.0000     0.0000
227   0     0.0000     0.6645     0.6645     0.0000     0.0000     0.0000
228   0     0.0000    -1.3290    -1.3290     0.0000     0.0000     0.0000
229   0     0.0000     0.6645     0.6645     0.0000     0.0000     0.0000
230   0     0.0000     0.6645     0.6645     0.0000     0.0000     0.0000
231   0     0.0000    -1.3290    -1.3290     0.0000     0.0000     0.0000
232   0     0.0000     0.6645     0.6645     0.0000     0.0000     0.0000
233   0     0.0000     0.6645     0.6645     0.0000     0.0000     0.0000
234   0     0.0000    -1.3290    -1.3290     0.0000     0.0000     0.0000
235   0     0.0000     0.6645     0.6645     0.0000     0.0000     0.0000
236   0     0.0000     0.6645     0.6645     0.0000     0.0000     0.0000
237   0     0.0000    -1.3290    -1.3290     0.0000     0.0000     0.0000
238   0     0.0000     0.6645     0.6645     0.0000     0.0000     0.0000
239   0     0.0000     0.6645     0.6645     0.0000     0.0000     0.0000
240   0     0.0000    -1.3290    -1.3290     0.0000     0.0000     0.0000
241   0     0.0000     0.6645     0.6645     0.0000     0.0000     0.0000
242   0     0.0000     0.6645     0.6645     0.0000     0.0000     0.0000
243   0     0.0000    -1.3290    -1.3290     0.0000     0.0000     0.0000
244   0     0.0000     0.6645     0.6645     0.0000     0.0000     0.0000
245   0     0.0000     0.6645     0.6645     0.0000     0.0000     0.0000
246   0     0.0000    -1.3290    -1.3290     0.0000     0.0000     0.0000
247   0     0.0000     0.6645     0.6645     0.0000     0.0000     0.0000
248   0     0.0000     0.6645     0.6645     0.0000     0.0000     0.0000
249   0     0.0000    -1.3290    -1.3290     0.0000     0.0000     0.0000
250   0     0.0000     0.6645     0.6645     0.0000     0.0000     0.0000
251   0     0.0000     0.6645     0.6645     0.0000     0.0000     0.0000
252   0     0.0000    -1.3290    -1.3290     0.0000     0.0000     0.0000
253   0     0.0000     0.6645     0.6645     0.0000     0.0000     0.0000
254   0     0.0000     0.6645     0.6645     0.0000     0.0000     0.0000
255   0     0.0000    -1.3290    -1.3290     0.0000     0.0000     0.0000
256   0     0.0000     0.6645     0.6645     0.0000     0.0000     0.0000
257   0     0.0000     0.6645     0.6645     0.0000     0.0000     0.0000
258   0     0.0000    -1.3290    -1.3290     0.0000     0.0000     0.0000
259   0     0.0000     0.6645     0.6645     0.0000     0.0000     0.0000
260   0     0.0000     0.6645     0.6645     0.0000     0.0000     0.0000
261   0     0.0000    -1.3290    -1.3290     0.0000     0.0000     0.0000
262   0     0.0000     0.6645     0.6645     0.0000     0.0000     0.0000
263   0     0.0000     0.6645     0.6645     0.0000     0.0000     0.0000
264   0     0.0000    -1.3290    -1.3290     0.0000     0.0000     0.0000
265   0     0.0000     0.6645     0.6645     0.0000     0.0000     0.0000
266   0     0.0000     0.6645     0.6645     0.0000     0.0000     0.0000
267   0     0.0000    -1.3290    -1.3290     0.0000     0.0000     0.0000
268   0     0.0000     0.6645     0.6645     0.0000     0.0000     0.0000
269   0     0.0000     0.6645     0.6645     0.0000     0.0000     0.0000
270   0     0.0000    -1.3290    -1.3290     0.0000     0.0000     0.0000
271   0     0.0000     0.6645     0.6645     0.0000     0.0000     0.0000
272   0     0.0000     0.6645     0.6645     0.0000     0.0000     0.0000
273   0     0.0000    -1.3290    -1.3290     0.0000     0.0000     0.0000
274   0     0.0000     0.6645     0.6645     0.0000     0.0000     0.0000
275   0     0.0000     0.6645     0.6645     0.0000     0.0000     0.0000
276   0     0.0000    -1.3290    -1.3290     0.0000     0.0000     0.0000
277   0     0.0000     0.6645     0.6645     0.0000     0.0000     0.0000
278   0     0.0000     0.6645     0.6645     0.0000     0.0000     0.0000
279   0     0.0000    -1.3290    -1.3290     0.0000     0.0000     0.0000
280   0     0.0000     0.6645     0.6645     0.0000     0.0000     0.0000
281   0     0.0000     0.6645     0.6645     0.0000     0.0000     0.0000
282   0     0.0000    -1.3290    -1.3290     0.0000     0.0000     0.0000
283   0     0.0000     0.6645     0.6645     0.0000     0.0000     0.0000
284   0     0.0000     0.6645     0.6645     0.0000     0.0000     0.0000
285   0     0.0000    -1.3290    -1.3290     0.0000     0.0000     0.0000
286   0     0.0000     0.6645     0.6645     0.0000     0.0000     0.0000
287   0     0.0000     0.6645     0.6645     0.0000     0.0000     0.0000
288   0     0.0000    -1.3290    -1.3290     0.0000     0.0000     0.0000
289   0     0.0000     0.6645     0.6645     0.0000     0.0000     0.0000
290   0     0.0000     0.6645     0.6645     0.0000     0.0000     0.0000
291   0     0.0000    -1.3290    -1.3290     0.0000     0.0000     0.0000
292   0     0.0000     0.6645     0.6645     0.0000     0.0000     0.0000
293   0     0.0000     0.6645     0.6645     0.0000     0.0000     0.0000
294   0     0.0000    -1.3290    -1.3290     0.0000     0.0000     0.0000
295   0     0.0000     0.6645     0.6645     0.0000     0.0000     0.0000
296   0     0.0000     0.6645     0.6645     0.0000     0.0000     0.0000
297   0     0.0000    -1.3290    -1.3290     0.0000     0.0000     0.0000
298   0     0.0000     0.6645     0.6645     0.0000     0.0000     0.0000
299   0     0.0000     0.6645     0.6645     0.0000     0.0000     0.0000
300   0     0.0000    -1.3290    -1.3290     0.0000     0.0000     0.0000
301   0     0.0000     0.6645     0.6645     0.0000     0.0000     0.0000
302   0     0.0000     0.6645     0.6645     0.0000     0.0000     0.0000
303   0     0.0000    -1.3290    -1.3290     0.0000     0.0000     0.0000
304   0     0.0000     0.6645     0.6645     0.0000     0.0000     0.0000
305   0     0.0000     0.6645     0.6645     0.0000     0.0000     0.0000
306   0     0.0000    -1.3290    -1.3290     0.0000     0.0000     0.0000
307   0     0.0000     0.6645     0.6645     0.0000     0.0000     0.0000
308   0     0.0000     0.6645     0.6645     0.0000     0.0000     0.0000
309   0     0.0000    -1.3290    -1.3290     0.0000     0.0000     0.0000
310   0     0.0000     0.6645     0.6645     0.0000     0.0000     0.0000
311   0     0.0000     0.6645     0.6645     0.0000     0.0000     0.0000
312   0     0.0000    -1.3290    -1.3290     0.0000     0.0000     0.0000
313   0     0.0000     0.6645     0.6645     0.0000     0.0000     0.0000
314   0     0.0000     0.6645     0.6645     0.0000     0.0000     0.0000
315   0     0.0000    -1.3290    -1.3290     0.0000     0.0000     0.0000
316   0     0.0000     0.6645     0.6645     0.0000     0.0000     0.0000
317   0     0.0000     0.6645     0.6645     0.0000     0.0000     0.0000
318   0     0.0000    -1.3290    -1.3290     0.0000     0.0000     0.0000
319   0     0.0000     0.6645     0.6645     0.0000     0.0000     0.0000
320   0     0.0000     0.6645     0.6645     0.0000     0.0000     0.0000
321   0     0.0000    -1.3290    -1.3290     0.0000     0.0000     0.0000
322   0     0.0000     0.6645     0.6645     0.0000     0.0000     0.0000
323   0     0.0000     0.6645     0.6645     0.0000     0.0000     0.0000
324   0     0.0000    -1.3290    -1.3290     0.0000     0.0000     0.0000
325   0     0.0000     0.6645     0.6645     0.0000     0.0000     0.0000
326   0     0.0000     0.6645     0.6645     0.0000     0.0000     0.0000
327   0     0.0000    -1.3290    -1.3290     0.0000     0.0000     0.0000
328   0     0.0000     0.6645     0.6645     0.0000     0.0000     0.0000
329   0     0.0000     0.6645     0.6645     0.0000     0.0000     0.0000
330   0     0.0000    -1.3290    -1.3290     0.0000     0.0000     0.0000
331   0     0.0000     0.6645     0.6645     0.0000     0.0000     0.0000
332   0     0.0000     0.6645     0.6645     0.0000     0.0000     0.0000
333   0     0.0000    -1.3290    -1.3290     0.0000     0.0000     0.0000
334   0     0.0000     0.6645     0.6645     0.0000     0.0000     0.0000
335   0     0.0000     0.6645     0.6645     0.0000     0.0000     0.0000
336   0     0.0000    -1.3290    -1.3290     0.0000     0.0000     0.0000
337   0     0.0000     0.6645     0.6645     0.0000     0.0000     0.0000
338   0     0.0000     0.6645     0.6645     0.0000     0.0000     0.0000
339   0     0.0000    -1.3290    -1.3290     0.0000     0.0000     0.0000
340   0     0.0000     0.6645     0.6645     0.0000     0.0000     0.0000
341   0     0.0000     0.6645     0.6645     0.0000     0.0000     0.0000
342   0     0.0000    -1.3290    -1.3290     0.0000     0.0000     0.0000
343   0     0.0000     0.6645     0.6645     0.0000     0.0000     0.0000
344   0     0.0000     0.6645     0.6645     0.0000     0.0000     0.0000
345   0     0.0000    -1.3290    -1.3290     0.0000     0.0000     0.0000
346   0     0.0000     0.6645     0.6645     0.0000     0.0000     0.0000
347   0     0.0000     0.6645     0.6645     0.0000     0.0000     0.0000
348   0     0.0000    -1.3290    -1.3290     0.0000     0.0000     0.0000
349   0     0.0000     0.6645     0.6645     0.0000     0.0000     0.0000
350   0     0.0000     0.6645     0.6645     0.0000     0.0000     0.0000
351   0     0.0000    -1.3290    -1.3290     0.0000     0.0000     0.0000
352   0     0.0000     0.6645     0.6645     0.0000     0.0000     0.0000
353   0     0.0000     0.6645     0.6645     0.0000     0.0000     0.0000
354   0     0.0000    -1.3290    -1.3290     0.0000     0.0000     0.0000
355   0     0.0000     0.6645     0.6645     0.0000     0.0000     0.0000
356   0     0.0000     0.6645     0.6645     0.0000     0.0000     0.0000
357   0     0.0000    -1.3290    -1.3290     0.0000     0.0000     0.0000
358   0     0.0000     0.6645     0.6645     0.0000     0.0000     0.0000
359   0     0.0000     0.6645     0.6645     0.0000     0.0000     0.0000
360   0     0.0000    -1.3290    -1.3290     0.0000     0.0000     0.0000
361   0     0.0000     0.6645     0.6645     0.0000     0.0000     0.0000
362   0     0.0000     0.6645     0.6645     0.0000     0.0000     0.0000
363   0     0.0000    -1.3290    -1.3290     0.0000     0.0000     0.0000
364   0     0.0000     0.6645     0.6645     0.0000     0.0000     0.0000
365   0     0.0000     0.6645     0.6645     0.0000     0.0000     0.0000
366   0     0.0000    -1.3290    -1.3290     0.0000     0.0000     0.0000
367   0     0.0000     0.6645     0.6645     0.0000     0.0000     0.0000
368   0     0.0000     0.6645     0.6645     0.0000     0.0000     0.0000
369   0     0.0000    -1.3290    -1.3290     0.0000     0.0000     0.0000
370   0     0.0000     0.6645     0.6645     0.0000     0.0000     0.0000
371   0     0.0000     0.6645     0.6645     0.0000     0.0000     0.0000
372   0     0.0000    -1.3290    -1.3290     0.0000     0.0000     0.0000
373   0     0.0000     0.6645     0.6645     0.0000     0.0000     0.0000
374   0     0.0000     0.6645     0.6645     0.0000     0.0000     0.0000
375   0     0.0000    -1.3290    -1.3290     0.0000     0.0000     0.0000
376   0     0.0000     0.6645     0.6645     0.0000     0.0000     0.0000
377   0     0.0000     0.6645     0.6645     0.0000     0.0000     0.0000
378   0     0.0000    -1.3290    -1.3290     0.0000     0.0000     0.0000
379   0     0.0000     0.6645     0.6645     0.0000     0.0000     0.0000
380   0     0.0000     0.6645     0.6645     0.0000     0.0000     0.0000
381   0     0.0000    -1.3290    -1.3290     0.0000     0.0000     0.0000
382   0     0.0000     0.6645     0.6645     0.0000     0.0000     0.0000
383   0     0.0000     0.6645     0.6645     0.0000     0.0000     0.0000
384   0     0.0000    -1.3290    -1.3290     0.0000     0.0000     0.0000
385   0     0.0000     0.6645     0.6645     0.0000     0.0000     0.0000
386   0     0.0000     0.6645     0.6645     0.0000     0.0000     0.0000
387   0     0.0000    -1.3290    -1.3290     0.0000     0.0000     0.0000
388   0     0.0000     0.6645     0.6645     0.0000     0.0000     0.0000
389   0     0.0000     0.6645     0.6645     0.0000     0.0000     0.0000
390   0     0.0000    -1.3290    -1.3290     0.0000     0.0000     0.0000
391   0     0.0000     0.6645     0.6645     0.0000     0.0000     0.0000
392   0     0.0000     0.6645     0.6645     0.0000     0.0000     0.0000
393   0     0.0000    -1.3290    -1.3290     0.0000     0.0000     0.0000
394   0     0.0000     0.6645     0.6645     0.0000     0.0000     0.0000
395   0     0.0000     0.6645     0.6645     0.0000     0.0000     0.0000
396   0     0.0000    -1.3290    -1.3290     0.0000     0.0000     0.0000
397   0     0.0000     0.6645     0.6645     0.0000     0.0000     0.0000
398   0     0.0000     0.6645     0.6645     0.0000     0.0000     0.0000
399   0     0.0000    -1.3290    -1.3290     0.0000     0.0000     0.0000
400   0     0.0000     0.6645     0.6645     0.0000     0.0000     0.0000
401   0     0.0000     0.6645     0.6645     0.0000     0.0000     0.0000
402   0     0.0000    -1.3290    -1.3290     0.0000     0.0000     0.0000
403   0     0.0000     0.6645     0.6645     0.0000     0.0000     0.0000
404   0     0.0000     0.6645     0.6645     0.0000     0.0000     0.0000
405   0     0.0000    -1.3290    -1.3290     0.0000     0.0000     0.0000
406   0     0.0000     0.6645     0.6645     0.0000     0.0000     0.0000
407   0     0.0000     0.6645     0.6645     0.0000     0.0000     0.0000
408   0     0.0000    -1.3290    -1.3290     0.0000     0.0000     0.0000
409   0     0.0000     0.6645     0.6645     0.0000     0.0000     0.0000
410   0     0.0000     0.6645     0.6645     0.0000     0.0000     0.0000
411   0     0.0000    -1.3290    -1.3290     0.0000     0.0000     0.0000
412   0     0.0000     0.6645     0.6645     0.0000     0.0000     0.0000
413   0     0.0000     0.6645     0.6645     0.0000     0.0000     0.0000
414   0     0.0000    -1.3290    -1.3290     0.0000     0.0000     0.0000
415   0     0.0000     0.6645     0.6645     0.0000     0.0000     0.0000
416   0     0.0000     0.6645     0.6645     0.0000     0.0000     0.0000
417   0     0.0000    -1.3290    -1.3290     0.0000     0.0000     0.0000
418   0     0.0000     0.6645     0.6645     0.0000     0.0000     0.0000
419   0     0.0000     0.6645     0.6645     0.0000     0.0000     0.0000
420   0     0.0000    -1.3290    -1.3290     0.0000     0.0000     0.0000
421   0     0.0000     0.6645     0.6645     0.0000     0.0000     0.0000
422   0     0.0000     0.6645     0.6645     0.0000     0.0000     0.0000
423   0     0.0000    -1.3290    -1.3290     0.0000     0.0000     0.0000
424   0     0.0000     0.6645     0.6645     0.0000     0.0000     0.0000
425   0     0.0000     0.6645     0.6645     0.0000     0.0000     0.0000
426   0     0.0000    -1.3290    -1.3290     0.0000     0.0000     0.0000
427   0     0.0000     0.6645     0.6645     0.0000     0.0000     0.0000
428   0     0.0000     0.6645     0.6645     0.0000     0.0000     0.0000
429   0     0.0000    -1.3290    -1.3290     0.0000     0.0000     0.0000
430   0     0.0000     0.6645     0.6645     0.0000     0.0000     0.0000
431   0     0.0000     0.6645     0.6645     0.0000     0.0000     0.0000
432   0     0.0000    -1.3290    -1.3290     0.0000     0.0000     0.0000
433   0     0.0000     0.6645     0.6645     0.0000     0.0000     0.0000
434   0     0.0000     0.6645     0.6645     0.0000     0.0000     0.0000
435   0     0.0000    -1.3290    -1.3290     0.0000     0.0000     0.0000
436   0     0.0000     0.6645     0.6645     0.0000     0.0000     0.0000
437   0     0.0000     0.6645     0.6645     0.0000     0.0000     0.0000
438   0     0.0000    -1.3290    -1.3290     0.0000     0.0000     0.0000
439   0     0.0000     0.6645     0.6645     0.0000     0.0000     0.0000
440   0     0.0000     0.6645     0.6645     0.0000     0.0000     0.0000
441   0     0.0000    -1.3290    -1.3290     0.0000     0.0000     0.0000
442   0     0.0000     0.6645     0.6645     0.0000     0.0000     0.0000
443   0     0.0000     0.6645     0.6645     0.0000     0.0000     0.0000
444   0     0.0000    -1.3290    -1.3290     0.0000     0.0000     0.0000
445   0     0.0000     0.6645     0.6645     0.0000     0.0000     0.0000
446   0     0.0000     0.6645     0.6645     0.0000     0.0000     0.0000
447   0     0.0000    -1.3290    -1.3290     0.0000     0.0000     0.0000
448   0     0.0000     0.6645     0.6645     0.0000     0.0000     0.0000
449   0     0.0000     0.6645     0.6645     0.0000     0.0000     0.0000
450   0     0.0000    -1.3290    -1.3290     0.0000     0.0000     0.0000
451   0     0.0000     0.6645     0.6645     0.0000     0.0000     0.0000
452   0     0.0000     0.6645     0.6645     0.0000     0.0000     0.0000
453   0     0.0000    -1.3290    -1.3290     0.0000     0.0000     0.0000
454   0     0.0000     0.6645     0.6645     0.0000     0.0000     0.0000
455   0     0.0000     0.6645     0.6645     0.0000     0.0000     0.0000
456   0     0.0000    -1.3290    -1.3290     0.0000     0.0000     0.0000
457   0     0.0000     0.6645     0.6645     0.0000     0.0000     0.0000
458   0     0.0000     0.6645     0.6645     0.0000     0.0000     0.0000
459   0     0.0000    -1.3290    -1.3290     0.0000     0.0000     0.0000
460   0     0.0000     0.6645     0.6645     0.0000     0.0000     0.0000
461   0     0.0000     0.6645     0.6645     0.0000     0.0000     0.0000
462   0     0.0000    -1.3290    -1.3290     0.0000     0.0000     0.0000
463   0     0.0000     0.6645     0.6645     0.0000     0.0000     0.0000
464   0     0.0000     0.6645     0.6645     0.0000     0.0000     0.0000
465   0     0.0000    -1.3290    -1.3290     0.0000     0.0000     0.0000
466   0     0.0000     0.6645     0.6645     0.0000     0.0000     0.0000
467   0     0.0000     0.6645     0.6645     0.0000     0.0000     0.0000
468   0     0.0000    -1.3290    -1.3290     0.0000     0.0000     0.0000
469   0     0.0000     0.6645     0.6645     0.0000     0.0000     0.0000
470   0     0.0000     0.6645     0.6645     0.0000     0.0000     0.0000
471   0     0.0000    -1.3290    -1.3290     0.0000     0.0000     0.0000
472   0     0.0000     0.6645     0.6645     0.0000     0.0000     0.0000
473   0     0.0000     0.6645     0.6645     0.0000     0.0000     0.0000
474   0     0.0000    -1.3290    -1.3290     0.0000     0.0000     0.0000
475   0     0.0000     0.6645     0.6645     0.0000     0.0000     0.0000
476   0     0.0000     0.6645     0.6645     0.0000     0.0000     0.0000
477   0     0.0000    -1.3290    -1.3290     0.0000     0.0000     0.0000
478   0     0.0000     0.6645     0.6645     0.0000     0.0000     0.0000
479   0     0.0000     0.6645     0.6645     0.0000     0.0000     0.0000
480   0     0.0000    -1.3290    -1.3290     0.0000     0.0000     0.0000
481   0     0.0000     0.6645     0.6645     0.0000     0.0000     0.0000
482   0     0.0000     0.6645     0.6645     0.0000     0.0000     0.0000
483   0     0.0000    -1.3290    -1.3290     0.0000     0.0000     0.0000
484   0     0.0000     0.6645     0.6645     0.0000     0.0000     0.0000
485   0     0.0000     0.6645     0.6645     0.0000     0.0000     0.0000
486   0     0.0000    -1.3290    -1.3290     0.0000     0.0000     0.0000
487   0     0.0000     0.6645     0.6645     0.0000     0.0000     0.0000
488   0     0.0000     0.6645     0.6645     0.0000     0.0000     0.0000
489   0     0.0000    -1.3290    -1.3290     0.0000     0.0000     0.0000
490   0     0.0000     0.6645     0.6645     0.0000     0.0000     0.0000
491   0     0.0000     0.6645     0.6645     0.0000     0.0000     0.0000
492   0     0.0000    -1.3290    -1.3290     0.0000     0.0000     0.0000
493   0     0.0000     0.6645     0.6645     0.0000     0.0000     0.0000
494   0     0.0000     0.6645     0.6645     0.0000     0.0000     0.0000
495   0     0.0000    -1.3290    -1.3290     0.0000     0.0000     0.0000
496   0     0.0000     0.6645     0.6645     0.0000     0.0000     0.0000
497   0     0.0000     0.6645     0.6645     0.0000     0.0000     0.0000
498   0     0.0000    -1.3290    -1.3290     0.0000     0.0000     0.0000
499   0     0.0000     0.6645     0.6645     0.0000     0.0000     0.0000
500   0     0.0000     0.6645     0.6645     0.0000     0.0000     0.0000
501   0     0.0000    -1.3290    -1.3290     0.0000     0.0000     0.0000
502   0     0.0000     0.6645     0.6645     0.0000     0.0000     0.0000
503   0     0.0000     0.6645     0.6645     0.0000     0.0000     0.0000
504   0     0.0000    -1.3290    -1.3290     0.0000     0.0000     0.0000
505   0     0.0000     0.6645     0.6645     0.0000     0.0000     0.0000
506   0     0.0000     0.6645     0.6645     0.0000     0.0000     0.0000
507   0     0.0000    -1.3290    -1.3290     0.0000     0.0000     0.0000
508   0     0.0000     0.6645     0.6645     0.0000     0.0000     0.0000
509   0     0.0000     0.6645     0.6645     0.0000     0.0000     0.0000
510   0     0.0000    -1.3290    -1.3290     0.0000     0.0000     0.0000
511   0     0.0000     0.6645     0.6645     0.0000     0.0000     0.0000
512   0     0.0000     0.6645     0.6645     0.0000     0.0000     0.0000
513   0     0.0000    -1.3290    -1.3290     0.0000     0.0000     0.0000
514   0     0.0000     0.6645     0.6645     0.0000     0.0000     0.0000
515   0     0.0000     0.6645     0.6645     0.0000     0.0000     0.0000
516   0     0.0000    -1.3290    -1.3290     0.0000     0.0000     0.0000
517   0     0.0000     0.6645     0.6645     0.0000     0.0000     0.0000
518   0     0.0000     0.6645     0.6645     0.0000     0.0000     0.0000
519   0     0.0000    -1.3290    -1.3290     0.0000     0.0000     0.0000
520   0     0.0000     0.6645     0.6645     0.0000     0.0000     0.0000
521   0     0.0000     0.6645     0.6645     0.0000     0.0000     0.0000
522   0     0.0000    -1.3290    -1.3290     0.0000     0.0000     0.0000
523   0     0.0000     0.6645     0.6645     0.0000     0.0000     0.0000
524   0     0.0000     0.6645     0.6645     0.0000     0.0000     0.0000
525   0     0.0000    -1.3290    -1.3290     0.0000     0.0000     0.0000
526   0     0.0000     0.6645     0.6645     0.0000     0.0000     0.0000
527   0     0.0000     0.6645     0.6645     0.0000     0.0000     0.0000
528   0     0.0000    -1.3290    -1.3290     0.0000     0.0000     0.0000
529   0     0.0000     0.6645     0.6645     0.0000     0.0000     0.0000
530   0     0.0000     0.6645     0.6645     0.0000     0.0000     0.0000
531   0     0.0000    -1.3290    -1.3290     0.0000     0.0000     0.0000
532   0     0.0000     0.6645     0.6645     0.0000     0.0000     0.0000
533   0     0.0000     0.6645     0.6645     0.0000     0.0000     0.0000
534   0     0.0000    -1.3290    -1.3290     0.0000     0.0000     0.0000
535   0     0.0000     0.6645     0.6645     0.0000     0.0000     0.0000
536   0     0.0000     0.6645     0.6645     0.0000     0.0000     0.0000
537   0     0.0000    -1.3290    -1.3290     0.0000     0.0000     0.0000
538   0     0.0000     0.6645     0.6645     0.0000     0.0000     0.0000
539   0     0.0000     0.6645     0.6645     0.0000     0.0000     0.0000
540   0     0.0000    -1.3290    -1.3290     0.0000     0.0000     0.0000
541   0     0.0000     0.6645     0.6645     0.0000     0.0000     0.0000
542   0     0.0000     0.6645     0.6645     0.0000     0.0000     0.0000
543   0     0.0000    -1.3290    -1.3290     0.0000     0.0000     0.0000
544   0     0.0000     0.6645     0.6645     0.0000     0.0000     0.0000
545   0     0.0000     0.6645     0.6645     0.0000     0.0000     0.0000
546   0     0.0000    -1.3290    -1.3290     0.0000     0.0000     0.0000
547   0     0.0000     0.6645     0.6645     0.0000     0.0000     0.0000
548   0     0.0000     0.6645     0.6645     0.0000     0.0000     0.0000
549   0     0.0000    -1.3290    -1.3290     0.0000     0.0000     0.0000
550   0     0.0000     0.6645     0.6645     0.0000     0.0000     0.0000
551   0     0.0000     0.6645     0.6645     0.0000     0.0000     0.0000
552   0     0.0000    -1.3290    -1.3290     0.0000     0.0000     0.0000
553   0     0.0000     0.6645     0.6645     0.0000     0.0000     0.0000
554   0     0.0000     0.6645     0.6645     0.0000     0.0000     0.0000
555   0     0.0000    -1.3290    -1.3290     0.0000     0.0000     0.0000
556   0     0.0000     0.6645     0.6645     0.0000     0.0000     0.0000
557   0     0.0000     0.6645     0.6645     0.0000     0.0000     0.0000
558   0     0.0000    -1.3290    -1.3290     0.0000     0.0000     0.0000
559   0     0.0000     0.6645     0.6645     0.0000     0.0000     0.0000
560   0     0.0000     0.6645     0.6645     0.0000     0.0000     0.0000
561   0     0.0000    -1.3290    -1.3290     0.0000     0.0000     0.0000
562   0     0.0000     0.6645     0.6645     0.0000     0.0000     0.0000
563   0     0.0000     0.6645     0.6645     0.0000     0.0000     0.0000
564   0     0.0000    -1.3290    -1.3290     0.0000     0.0000     0.0000
565   0     0.0000     0.6645     0.6645     0.0000     0.0000     0.0000
566   0     0.0000     0.6645     0.6645     0.0000     0.0000     0.0000
567   0     0.0000    -1.3290    -1.3290     0.0000     0.0000     0.0000
568   0     0.0000     0.6645     0.6645     0.0000     0.0000     0.0000
569   0     0.0000     0.6645     0.6645     0.0000     0.0000     0.0000
570   0     0.0000    -1.3290    -1.3290     0.0000     0.0000     0.0000
571   0     0.0000     0.6645     0.6645     0.0000     0.0000     0.0000
572   0     0.0000     0.6645     0.6645     0.0000     0.0000     0.0000
573   0     0.0000    -1.3290    -1.3290     0.0000     0.0000     0.0000
574   0     0.0000     0.6645     0.6645     0.0000     0.0000     0.0000
575   0     0.0000     0.6645     0.6645     0.0000     0.0000     0.0000
576   0     0.0000    -1.3290    -1.3290     0.0000     0.0000     0.0000
577   0     0.0000     0.6645     0.6645     0.0000     0.0000     0.0000
578   0     0.0000     0.6645     0.6645     0.0000     0.0000     0.0000
579   0     0.0000    -1.3290    -1.3290     0.0000     0.0000     0.0000
580   0     0.0000     0.6645     0.6645     0.0000     0.0000     0.0000
581   0     0.0000     0.6645     0.6645     0.0000     0.0000     0.0000
582   0     0.0000    -1.3290    -1.3290     0.0000     0.0000     0.0000
583   0     0.0000     0.6645     0.6645     0.0000     0.0000     0.0000
584   0     0.0000     0.6645     0.6645     0.0000     0.0000     0.0000
585   0     0.0000    -1.3290    -1.3290     0.0000     0.0000     0.0000
586   0     0.0000     0.6645     0.6645     0.0000     0.0000     0.0000
587   0     0.0000     0.6645     0.6645     0.0000     0.0000     0.0000
588   0     0.0000    -1.3290    -1.3290     0.0000     0.0000     0.0000
589   0     0.0000     0.6645     0.6645     0.0000     0.0000     0.0000
590   0     0.0000     0.6645     0.6645     0.0000     0.0000     0.0000
591   0     0.0000    -1.3290    -1.3290     0.0000     0.0000     0.0000
592   0     0.0000     0.6645     0.6645     0.0000     0.0000     0.0000
593   0     0.0000     0.6645     0.6645     0.0000     0.0000     0.0000
594   0     0.0000    -1.3290    -1.3290     0.0000     0.0000     0.0000
595   0     0.0000     0.6645     0.6645     0.0000     0.0000     0.0000
596   0     0.0000     0.6645     0.6645     0.0000     0.0000     0.0000
597   0     0.0000    -1.3290    -1.3290     0.0000     0.0000     0.0000
598   0     0.0000     0.6645     0.6645     0.0000     0.0000     0.0000
599   0     0.0000     0.6645     0.6645     0.0000     0.0000     0.0000
600   0     0.0000    -1.3290    -1.3290     0.0000     0.0000     0.0000
601   0     0.0000     0.6645     0.6645     0.0000     0.0000     0.0000
602   0     0.0000     0.6645     0.6645     0.0000     0.0000     0.0000
603   0     0.0000    -1.3290    -1.3290     0.0000     0.0000     0.0000
      Bond orders larger than 0.1000000
           Atom A     A.N. of A          Atom B    A.N. of B              Bond order
                0             6               1            1                0.950160
                0             6               2            1                0.964841
                0             6               3            6                0.791748
                0             6               6            6                0.109444
                0             6              14            8                0.837017
                0             6              67            8                0.162597
                3             6               4            1                0.975061
                3             6               5            1                1.062263
                3             6               6            6                0.826968
                6             6               7            1                1.009987
                6             6               8            1                1.005697
                6             6               9            6                0.702173
                6             6              12            8                0.134638
                9             6              10            1                1.056663
                9             6              11            1                0.993268
                9             6              12            8                0.603885
               12             8              13            1                0.937809
               14             8              15            1                0.987555
               14             8              46            8                0.106103
               16             8              17            1                0.901530
               16             8              18            1                0.937514
               19             8              20            1                0.928138
               19             8              21            1                0.949629
               22             8              23            1                0.961106
               22             8              24            1                0.970296
               25             8              26            1                0.965057
               25             8              27            1                0.941116
               28             8              29            1                0.924167
               28             8              30            1                0.862851
               31             8              32            1                0.922252
               31             8              33            1                0.867493
               34             8              35            1                0.960254
               34             8              36            1                0.866498
               37             8              38            1                0.972118
               37             8              39            1                0.901000
               40             8              41            1                0.976822
               40             8              42            1                0.885757
               43             8              44            1                0.922822
               43             8              45            1                0.941372
               46             8              47            1                0.949612
               46             8              48            1                0.912481
               49             8              50            1                0.973083
               49             8              51            1                0.905256
               52             8              53            1                0.899928
               52             8              54            1                0.949143
               55             8              56            1                0.890707
               55             8              57            1                0.976505
               58             8              59            1                1.008852
               58             8              60            1                0.827547
               61             8              62            1                0.876204
               61             8              63            1                0.974506
               64             8              65            1                0.848535
               64             8              66            1                0.824257
               67             8              68            1                0.875248
               67             8              69            1                0.913761
               70             8              71            1                1.001835
               70             8              72            1                0.884720
               73             8              74            1                0.953913
               73             8              75            1                0.936541
               76             8              77            1                0.937504
               76             8              78            1                0.948094
               79             8              80            1                0.938531
               79             8              81            1                0.929321
               82             8              83            1                0.906498
               82             8              84            1                0.929795
               85             8              86            1                0.945169
               85             8              87            1                0.928200
               88             8              89            1                0.867008
               88             8              90            1                0.854812
               91             8              92            1                0.921999
               91             8              93            1                0.939364
               94             8              95            1                0.900731
               94             8              96            1                0.885189
               97             8              98            1                0.912754
               97             8              99            1                0.943850
              100             8             101            1                0.915850
              100             8             102            1                0.944176
              103             8             104            1                0.893100
              103             8             105            1                0.952086
# -----------------------------------------------------------
$ SCF_Electric_Properties
   description: The SCF Calculated Electric Properties
   geom. index: 1
   prop. index: 1
       Filename                          : final096.orca.scfp 
       Do Dipole Moment Calculation      : true 
       Do Quadrupole Moment Calculation  : false 
       Do Polarizability Calculation     : false 
** Dipole moment part of electric properties **
        Magnitude of dipole moment (Debye) :       22.9330640705
        Electronic Contribution:
                  0    
      0       0.069576
      1       2.086355
      2       0.626873
        Nuclear Contribution:
                  0    
      0       8.601363
      1      -1.037974
      2      -2.889401
        Total Dipole moment:
                  0    
      0       8.670939
      1       1.048381
      2      -2.262528
# -------------------------------------------------------------
----------------------- !GEOMETRIES! ------------------------
# -------------------------------------------------------------
------------------------ !GEOMETRY! -------------------------
    Number of atoms:    604 
    Geometry Index:     1 
    Coordinates:
               0 C     12.550000000000   10.780000000000   10.010000000000
               1 H     12.060000000000   11.200000000000    9.130000000000
               2 H     13.240000000000   10.040000000000    9.630000000000
               3 C     11.470000000000   10.040000000000   10.930000000000
               4 H     11.380000000000    9.030000000000   10.500000000000
               5 H     11.810000000000   10.060000000000   11.940000000000
               6 C     10.130000000000   10.720000000000   10.900000000000
               7 H      9.440000000000    9.950000000000   11.270000000000
               8 H      9.810000000000   10.950000000000    9.910000000000
               9 C      9.960000000000   11.970000000000   11.690000000000
              10 H     10.550000000000   12.810000000000   11.210000000000
              11 H     10.400000000000   11.880000000000   12.720000000000
              12 O      8.570000000000   12.340000000000   11.890000000000
              13 H      8.250000000000   12.510000000000   11.040000000000
              14 O     13.240000000000   11.880000000000   10.710000000000
              15 H     13.600000000000   11.490000000000   11.530000000000
              16 O     12.410000000000   12.970000000000    6.930000000000
              17 H     13.030000000000   13.750000000000    7.000000000000
              18 H     12.920000000000   12.310000000000    6.420000000000
              19 O     11.060000000000    7.090000000000    8.730000000000
              20 H     10.340000000000    6.500000000000    8.350000000000
              21 H     11.630000000000    7.280000000000    8.000000000000
              22 O     12.610000000000   13.030000000000   13.830000000000
              23 H     12.830000000000   13.150000000000   12.920000000000
              24 H     13.420000000000   12.960000000000   14.360000000000
              25 O     11.780000000000   14.760000000000   10.910000000000
              26 H     12.690000000000   14.920000000000   11.220000000000
              27 H     11.710000000000   14.120000000000   10.250000000000
              28 O     10.850000000000    6.380000000000   11.320000000000
              29 H     11.780000000000    6.590000000000   11.550000000000
              30 H     10.860000000000    6.510000000000   10.330000000000
              31 O      5.870000000000   13.780000000000    9.940000000000
              32 H      5.870000000000   13.830000000000   10.910000000000
              33 H      4.940000000000   14.000000000000    9.630000000000
              34 O     11.010000000000   10.420000000000   15.400000000000
              35 H     11.580000000000   10.960000000000   14.900000000000
              36 H     11.340000000000   10.390000000000   16.350000000000
              37 O     12.550000000000    3.870000000000    9.790000000000
              38 H     12.610000000000    4.740000000000   10.150000000000
              39 H     11.690000000000    3.930000000000    9.330000000000
              40 O     11.750000000000    7.560000000000    5.990000000000
              41 H     12.650000000000    7.860000000000    5.790000000000
              42 H     11.550000000000    6.570000000000    5.900000000000
              43 O     14.610000000000   10.990000000000    5.490000000000
              44 H     14.710000000000   10.900000000000    4.520000000000
              45 H     15.350000000000   11.590000000000    5.710000000000
              46 O     14.520000000000   10.980000000000   12.990000000000
              47 H     15.320000000000   11.510000000000   12.920000000000
              48 H     14.700000000000   10.030000000000   12.930000000000
              49 O      8.100000000000   12.390000000000    8.860000000000
              50 H      7.460000000000   13.110000000000    8.870000000000
              51 H      8.930000000000   12.820000000000    8.930000000000
              52 O     10.550000000000   13.660000000000    8.820000000000
              53 H     11.240000000000   13.360000000000    8.170000000000
              54 H     10.480000000000   14.620000000000    8.810000000000
              55 O     14.620000000000   15.130000000000   11.230000000000
              56 H     15.120000000000   14.300000000000   10.900000000000
              57 H     15.350000000000   15.580000000000   11.590000000000
              58 O     11.570000000000   15.460000000000   14.790000000000
              59 H     10.870000000000   15.790000000000   14.240000000000
              60 H     11.850000000000   14.600000000000   14.330000000000
              61 O     10.900000000000    3.700000000000   12.590000000000
              62 H     10.990000000000    4.400000000000   11.920000000000
              63 H      9.990000000000    3.600000000000   12.750000000000
              64 O      6.760000000000   11.660000000000   13.910000000000
              65 H      6.080000000000   11.060000000000   13.570000000000
              66 H      7.360000000000   11.820000000000   13.180000000000
              67 O     15.130000000000    9.150000000000    9.560000000000
              68 H     14.900000000000    8.860000000000   10.510000000000
              69 H     16.020000000000    9.610000000000    9.540000000000
              70 O     13.550000000000   17.180000000000    9.670000000000
              71 H     14.180000000000   17.830000000000    9.660000000000
              72 H     13.980000000000   16.450000000000   10.110000000000
              73 O      9.350000000000   15.820000000000   12.200000000000
              74 H      8.910000000000   15.180000000000   12.750000000000
              75 H     10.190000000000   15.440000000000   12.010000000000
              76 O      7.350000000000    8.880000000000   10.430000000000
              77 H      6.550000000000    8.970000000000   10.980000000000
              78 H      7.450000000000    9.720000000000   10.050000000000
              79 O      9.110000000000    5.020000000000    8.510000000000
              80 H      8.620000000000    4.800000000000    9.280000000000
              81 H      8.460000000000    4.940000000000    7.820000000000
              82 O     14.260000000000   13.140000000000   16.660000000000
              83 H     14.680000000000   12.750000000000   17.460000000000
              84 H     14.520000000000   14.060000000000   16.620000000000
              85 O     13.680000000000    5.890000000000   11.570000000000
              86 H     13.920000000000    5.310000000000   12.310000000000
              87 H     14.400000000000    5.790000000000   10.900000000000
              88 O      8.150000000000    6.520000000000   11.540000000000
              89 H      7.890000000000    7.370000000000   11.080000000000
              90 H      9.140000000000    6.400000000000   11.510000000000
              91 O     14.420000000000   15.240000000000    7.340000000000
              92 H     14.130000000000   15.950000000000    7.970000000000
              93 H     14.920000000000   14.550000000000    7.790000000000
              94 O     10.920000000000   16.580000000000    8.620000000000
              95 H     10.600000000000   17.510000000000    8.650000000000
              96 H     11.580000000000   16.470000000000    9.340000000000
              97 O     14.900000000000    8.350000000000    6.990000000000
              98 H     14.890000000000    8.710000000000    7.880000000000
              99 H     14.870000000000    9.090000000000    6.370000000000
             100 O     11.300000000000   14.570000000000    4.580000000000
             101 H     10.370000000000   14.310000000000    4.570000000000
             102 H     11.560000000000   14.050000000000    5.350000000000
             103 O     15.610000000000   13.180000000000    9.380000000000
             104 H     14.720000000000   12.850000000000    9.460000000000
             105 H     16.120000000000   12.430000000000    9.020000000000
             106 Q     16.480000000000   13.290000000000    5.870000000000
             107 Q     17.160000000000   12.130000000000    6.690000000000
             108 Q     16.600000000000   12.770000000000    6.530000000000
             109 Q      6.260000000000    7.910000000000    8.790000000000
             110 Q      5.500000000000    7.010000000000    7.720000000000
             111 Q      5.790000000000    7.760000000000    8.100000000000
             112 Q     17.120000000000    2.970000000000    5.830000000000
             113 Q     18.440000000000    3.560000000000    6.360000000000
             114 Q     17.680000000000    3.180000000000    6.420000000000
             115 Q      3.340000000000   19.060000000000   13.020000000000
             116 Q      1.810000000000   18.880000000000   13.330000000000
             117 Q      2.520000000000   18.800000000000   12.870000000000
             118 Q      6.720000000000   11.640000000000    4.890000000000
             119 Q      5.770000000000   12.380000000000    3.810000000000
             120 Q      6.520000000000   12.010000000000    4.110000000000
             121 Q     14.470000000000   16.730000000000   15.830000000000
             122 Q     13.410000000000   15.930000000000   15.150000000000
             123 Q     14.140000000000   16.040000000000   15.470000000000
             124 Q      7.530000000000   10.180000000000    6.210000000000
             125 Q      7.600000000000   11.210000000000    7.300000000000
             126 Q      7.300000000000   10.880000000000    6.620000000000
             127 Q      2.970000000000   12.450000000000   17.120000000000
             128 Q      4.370000000000   12.970000000000   16.780000000000
             129 Q      3.650000000000   12.540000000000   16.620000000000
             130 Q      2.920000000000   12.990000000000    5.440000000000
             131 Q      3.550000000000   14.030000000000    6.430000000000
             132 Q      3.280000000000   13.720000000000    5.660000000000
             133 Q     15.590000000000    4.020000000000    4.080000000000
             134 Q     16.640000000000    3.210000000000    3.410000000000
             135 Q     15.880000000000    3.320000000000    3.700000000000
             136 Q      4.320000000000    9.510000000000    5.580000000000
             137 Q      5.220000000000    8.900000000000    4.590000000000
             138 Q      4.510000000000    9.250000000000    4.830000000000
             139 Q     11.750000000000    3.400000000000   14.370000000000
             140 Q     12.960000000000    3.800000000000   15.100000000000
             141 Q     12.250000000000    3.390000000000   15.030000000000
             142 Q      7.720000000000    5.080000000000   15.230000000000
             143 Q      8.020000000000    5.860000000000   16.500000000000
             144 Q      7.530000000000    5.610000000000   15.870000000000
             145 Q     17.070000000000   10.030000000000    5.630000000000
             146 Q     18.480000000000   10.570000000000    5.910000000000
             147 Q     17.740000000000   10.270000000000    6.110000000000
             148 Q     15.850000000000    7.660000000000   12.740000000000
             149 Q     14.350000000000    7.610000000000   13.020000000000
             150 Q     15.060000000000    7.950000000000   12.700000000000
             151 Q      6.630000000000   10.290000000000   15.310000000000
             152 Q      7.330000000000    8.940000000000   15.110000000000
             153 Q      6.790000000000    9.450000000000   15.490000000000
             154 Q      3.140000000000    4.260000000000   13.530000000000
             155 Q      3.630000000000    3.690000000000   14.950000000000
             156 Q      3.250000000000    3.670000000000   14.190000000000
             157 Q      4.910000000000   16.050000000000   15.320000000000
             158 Q      6.280000000000   15.300000000000   14.960000000000
             159 Q      5.550000000000   15.760000000000   14.820000000000
             160 Q      0.300000000000   10.010000000000   11.650000000000
             161 Q      1.470000000000   10.640000000000   12.460000000000
             162 Q      1.100000000000   10.180000000000   11.860000000000
             163 Q      6.380000000000    4.570000000000    6.480000000000
             164 Q      5.870000000000    4.400000000000    7.990000000000
             165 Q      6.440000000000    4.510000000000    7.340000000000
             166 Q      7.120000000000   19.240000000000    5.860000000000
             167 Q      7.360000000000   20.520000000000    4.980000000000
             168 Q      7.330000000000   19.670000000000    5.150000000000
             169 Q      6.250000000000    8.820000000000   17.490000000000
             170 Q      5.930000000000   10.020000000000   18.460000000000
             171 Q      6.080000000000    9.200000000000   18.250000000000
             172 Q     19.670000000000   13.820000000000   18.290000000000
             173 Q     20.190000000000   13.670000000000   16.880000000000
             174 Q     19.620000000000   13.600000000000   17.510000000000
             175 Q     13.540000000000   16.810000000000   19.130000000000
             176 Q     13.770000000000   17.220000000000   17.690000000000
             177 Q     13.350000000000   16.900000000000   18.340000000000
             178 Q      5.020000000000   14.430000000000   13.470000000000
             179 Q      5.480000000000   12.990000000000   13.270000000000
             180 Q      5.160000000000   13.740000000000   13.020000000000
             181 Q     19.290000000000   10.350000000000   18.120000000000
             182 Q     18.620000000000   11.650000000000   18.340000000000
             183 Q     18.700000000000   10.830000000000   18.420000000000
             184 Q     18.810000000000    9.850000000000   14.360000000000
             185 Q     17.730000000000   10.120000000000   15.470000000000
             186 Q     18.230000000000   10.310000000000   14.800000000000
             187 Q      8.590000000000   12.390000000000   17.400000000000
             188 Q      9.270000000000   13.550000000000   18.160000000000
             189 Q      8.710000000000   12.930000000000   18.050000000000
             190 Q      4.860000000000   20.700000000000    8.960000000000
             191 Q      3.670000000000   19.970000000000    8.100000000000
             192 Q      4.490000000000   20.100000000000    8.400000000000
             193 Q     10.360000000000    8.670000000000    5.240000000000
             194 Q     10.150000000000    9.660000000000    4.070000000000
             195 Q      9.940000000000    9.020000000000    4.550000000000
             196 Q     10.530000000000    1.830000000000    8.210000000000
             197 Q      9.730000000000    3.100000000000    8.270000000000
             198 Q     10.440000000000    2.650000000000    8.160000000000
             199 Q      5.640000000000    4.560000000000   16.430000000000
             200 Q      4.460000000000    4.280000000000   17.410000000000
             201 Q      5.080000000000    4.060000000000   16.840000000000
             202 Q     20.630000000000    3.380000000000    7.080000000000
             203 Q     20.010000000000    4.690000000000    7.340000000000
             204 Q     20.210000000000    4.050000000000    6.850000000000
             205 Q     10.200000000000   16.990000000000   18.020000000000
             206 Q     11.500000000000   17.580000000000   18.250000000000
             207 Q     10.680000000000   17.610000000000   18.250000000000
             208 Q      4.130000000000    9.530000000000   11.510000000000
             209 Q      4.350000000000    9.620000000000   10.030000000000
             210 Q      4.330000000000    9.190000000000   10.760000000000
             211 Q     12.190000000000   11.200000000000   18.540000000000
             212 Q     13.050000000000   10.310000000000   17.660000000000
             213 Q     12.340000000000   10.500000000000   18.060000000000
             214 Q      8.970000000000   21.350000000000   15.210000000000
             215 Q      8.810000000000   20.350000000000   14.090000000000
             216 Q      8.770000000000   21.110000000000   14.420000000000
             217 Q      6.380000000000   12.860000000000   21.470000000000
             218 Q      6.400000000000   13.590000000000   20.120000000000
             219 Q      6.150000000000   13.450000000000   20.920000000000
             220 Q      0.930000000000    8.140000000000   12.300000000000
             221 Q      0.130000000000    7.150000000000   11.420000000000
             222 Q      0.390000000000    7.510000000000   12.150000000000
             223 Q     20.080000000000   16.510000000000    6.680000000000
             224 Q     19.420000000000   16.330000000000    5.310000000000
             225 Q     19.600000000000   16.130000000000    6.110000000000
             226 Q     14.310000000000    9.970000000000    2.000000000000
             227 Q     15.180000000000   11.090000000000    2.340000000000
             228 Q     14.700000000000   10.480000000000    2.520000000000
             229 Q     17.820000000000    3.460000000000   14.760000000000
             230 Q     16.430000000000    2.760000000000   14.730000000000
             231 Q     17.020000000000    3.320000000000   15.030000000000
             232 Q      2.660000000000   14.740000000000    8.650000000000
             233 Q      3.890000000000   15.590000000000    8.450000000000
             234 Q      3.470000000000   14.880000000000    8.450000000000
             235 Q     13.140000000000   20.980000000000    9.490000000000
             236 Q     12.140000000000   21.770000000000   10.490000000000
             237 Q     12.610000000000   21.100000000000   10.160000000000
             238 Q      8.010000000000   16.150000000000   17.500000000000
             239 Q      7.690000000000   17.290000000000   16.650000000000
             240 Q      8.190000000000   16.680000000000   16.920000000000
             241 Q     12.230000000000   17.160000000000    1.020000000000
             242 Q     12.870000000000   17.100000000000    2.490000000000
             243 Q     12.840000000000   17.180000000000    1.630000000000
             244 Q      1.400000000000   14.530000000000   13.380000000000
             245 Q      1.810000000000   15.560000000000   12.350000000000
             246 Q      1.250000000000   15.190000000000   12.870000000000
             247 Q     20.880000000000   12.220000000000    5.860000000000
             248 Q     20.640000000000   11.630000000000    4.480000000000
             249 Q     20.450000000000   12.070000000000    5.180000000000
             250 Q      3.510000000000   17.470000000000   16.590000000000
             251 Q      4.030000000000   16.820000000000   17.970000000000
             252 Q      3.950000000000   16.910000000000   17.140000000000
             253 Q     10.210000000000   19.260000000000   15.430000000000
             254 Q     10.330000000000   18.850000000000   16.980000000000
             255 Q     10.280000000000   19.380000000000   16.270000000000
             256 Q      1.850000000000   10.720000000000   10.060000000000
             257 Q      2.730000000000   11.340000000000    9.050000000000
             258 Q      2.080000000000   11.320000000000    9.510000000000
             259 Q      6.700000000000    7.770000000000   19.480000000000
             260 Q      6.850000000000    6.200000000000   19.800000000000
             261 Q      6.960000000000    7.030000000000   19.950000000000
             262 Q     16.340000000000   15.050000000000    4.640000000000
             263 Q     17.800000000000   14.830000000000    4.950000000000
             264 Q     17.070000000000   14.600000000000    4.630000000000
             265 Q     11.380000000000   14.790000000000   16.470000000000
             266 Q     12.040000000000   15.230000000000   17.690000000000
             267 Q     11.430000000000   14.850000000000   17.260000000000
             268 Q     16.240000000000    5.250000000000    6.240000000000
             269 Q     15.070000000000    4.350000000000    6.600000000000
             270 Q     15.460000000000    4.940000000000    6.150000000000
             271 Q      4.060000000000   17.710000000000    7.560000000000
             272 Q      2.710000000000   18.200000000000    6.910000000000
             273 Q      3.470000000000   17.810000000000    6.900000000000
             274 Q      5.900000000000    3.390000000000   12.040000000000
             275 Q      5.200000000000    3.220000000000   13.500000000000
             276 Q      5.740000000000    3.030000000000   12.840000000000
             277 Q     21.320000000000   14.800000000000   11.920000000000
             278 Q     19.950000000000   14.440000000000   11.390000000000
             279 Q     20.480000000000   14.780000000000   11.900000000000
             280 Q     17.560000000000   12.550000000000    4.030000000000
             281 Q     17.010000000000   12.230000000000    2.620000000000
             282 Q     17.450000000000   12.070000000000    3.330000000000
             283 Q      2.390000000000   10.820000000000    4.770000000000
             284 Q      2.640000000000   10.930000000000    6.300000000000
             285 Q      2.210000000000   11.100000000000    5.560000000000
             286 Q     16.630000000000    7.250000000000    6.700000000000
             287 Q     18.090000000000    7.120000000000    6.020000000000
             288 Q     17.400000000000    6.870000000000    6.460000000000
             289 Q     10.830000000000    9.760000000000   20.180000000000
             290 Q     10.770000000000    8.220000000000   20.530000000000
             291 Q     11.150000000000    9.000000000000   20.450000000000
             292 Q     21.020000000000   10.840000000000    7.730000000000
             293 Q     22.190000000000   11.820000000000    8.170000000000
             294 Q     21.580000000000   11.510000000000    7.680000000000
             295 Q     17.930000000000   10.180000000000    8.330000000000
             296 Q     18.270000000000   10.800000000000    9.700000000000
             297 Q     17.760000000000   10.590000000000    9.070000000000
             298 Q     13.930000000000   19.630000000000   14.080000000000
             299 Q     12.690000000000   20.440000000000   14.180000000000
             300 Q     13.340000000000   20.050000000000   14.540000000000
             301 Q     19.670000000000   18.770000000000   12.940000000000
             302 Q     19.990000000000   17.320000000000   12.620000000000
             303 Q     20.160000000000   18.110000000000   12.810000000000
             304 Q     16.410000000000    5.900000000000    9.270000000000
             305 Q     15.680000000000    7.240000000000    9.450000000000
             306 Q     15.850000000000    6.420000000000    9.580000000000
             307 Q     18.820000000000   13.130000000000    9.930000000000
             308 Q     18.250000000000   12.740000000000   11.420000000000
             309 Q     18.800000000000   12.760000000000   10.700000000000
             310 Q      9.600000000000   18.310000000000    6.450000000000
             311 Q     10.970000000000   18.810000000000    6.780000000000
             312 Q     10.170000000000   18.770000000000    6.870000000000
             313 Q     17.710000000000   18.900000000000   16.680000000000
             314 Q     17.800000000000   17.940000000000   15.560000000000
             315 Q     17.530000000000   18.660000000000   15.920000000000
             316 Q      3.250000000000   13.260000000000   12.670000000000
             317 Q      2.070000000000   12.530000000000   11.900000000000
             318 Q      2.510000000000   12.790000000000   12.560000000000
             319 Q      6.040000000000   16.430000000000    4.620000000000
             320 Q      4.940000000000   16.940000000000    5.570000000000
             321 Q      5.740000000000   16.780000000000    5.300000000000
             322 Q      8.090000000000   10.660000000000   20.400000000000
             323 Q      9.000000000000   11.320000000000   19.410000000000
             324 Q      8.840000000000   10.760000000000   20.010000000000
             325 Q     12.470000000000   13.870000000000    1.700000000000
             326 Q     11.490000000000   14.130000000000    2.760000000000
             327 Q     11.720000000000   13.850000000000    2.030000000000
             328 Q      2.190000000000   15.180000000000    5.060000000000
             329 Q      1.920000000000   16.640000000000    4.410000000000
             330 Q      1.730000000000   15.860000000000    4.790000000000
             331 Q      9.800000000000   12.010000000000   21.310000000000
             332 Q     10.850000000000   12.680000000000   22.240000000000
             333 Q     10.400000000000   12.550000000000   21.530000000000
             334 Q     16.290000000000   19.220000000000    9.560000000000
             335 Q     16.810000000000   17.800000000000    9.620000000000
             336 Q     16.360000000000   18.460000000000    9.860000000000
             337 Q      8.380000000000    7.670000000000   13.200000000000
             338 Q      7.810000000000    6.930000000000   14.460000000000
             339 Q      8.120000000000    7.600000000000   14.010000000000
             340 Q      8.660000000000   10.790000000000    2.180000000000
             341 Q      7.250000000000   10.790000000000    2.850000000000
             342 Q      7.820000000000   10.650000000000    2.230000000000
             343 Q     15.320000000000    4.370000000000   15.470000000000
             344 Q     14.520000000000    4.730000000000   16.820000000000
             345 Q     14.630000000000    4.580000000000   15.970000000000
             346 Q     17.740000000000    5.770000000000   12.190000000000
             347 Q     17.380000000000    6.340000000000   13.690000000000
             348 Q     17.420000000000    6.330000000000   12.810000000000
             349 Q      2.860000000000   11.250000000000   15.500000000000
             350 Q      1.290000000000   11.230000000000   15.490000000000
             351 Q      2.090000000000   10.910000000000   15.400000000000
             352 Q     18.120000000000   13.500000000000   16.070000000000
             353 Q     16.580000000000   13.460000000000   16.080000000000
             354 Q     17.360000000000   13.530000000000   15.750000000000
             355 Q      5.320000000000    4.860000000000    4.480000000000
             356 Q      4.310000000000    5.550000000000    5.310000000000
             357 Q      4.980000000000    5.080000000000    5.200000000000
             358 Q      8.670000000000    2.930000000000   14.840000000000
             359 Q      7.390000000000    3.390000000000   13.910000000000
             360 Q      8.160000000000    3.450000000000   14.340000000000
             361 Q     13.020000000000    5.930000000000    0.780000000000
             362 Q     12.110000000000    5.790000000000    2.010000000000
             363 Q     12.760000000000    6.150000000000    1.550000000000
             364 Q     14.480000000000    8.540000000000   21.300000000000
             365 Q     13.370000000000    9.180000000000   20.320000000000
             366 Q     14.150000000000    8.870000000000   20.560000000000
             367 Q     15.990000000000   10.330000000000   18.240000000000
             368 Q     14.910000000000   10.130000000000   19.320000000000
             369 Q     15.300000000000   10.510000000000   18.680000000000
             370 Q     16.980000000000   19.180000000000   13.030000000000
             371 Q     17.490000000000   18.950000000000   11.620000000000
             372 Q     17.550000000000   19.230000000000   12.420000000000
             373 Q     20.490000000000    8.250000000000   13.420000000000
             374 Q     18.970000000000    8.160000000000   12.990000000000
             375 Q     19.690000000000    8.570000000000   13.270000000000
             376 Q     11.280000000000    7.270000000000   17.050000000000
             377 Q     11.690000000000    8.060000000000   18.350000000000
             378 Q     11.560000000000    7.380000000000   17.840000000000
             379 Q      1.090000000000   13.840000000000   16.430000000000
             380 Q      2.520000000000   14.360000000000   16.080000000000
             381 Q      1.690000000000   14.440000000000   16.230000000000
             382 Q     14.060000000000    6.360000000000   15.260000000000
             383 Q     12.830000000000    7.040000000000   14.720000000000
             384 Q     13.640000000000    6.950000000000   14.840000000000
             385 Q      9.580000000000    4.340000000000   17.440000000000
             386 Q     10.030000000000    5.700000000000   17.970000000000
             387 Q      9.450000000000    5.110000000000   17.780000000000
             388 Q     14.860000000000   20.120000000000    4.620000000000
             389 Q     15.110000000000   18.800000000000    5.440000000000
             390 Q     15.310000000000   19.570000000000    5.090000000000
             391 Q     17.380000000000   11.590000000000   13.480000000000
             392 Q     17.250000000000   13.130000000000   13.500000000000
             393 Q     17.280000000000   12.360000000000   13.130000000000
             394 Q     11.150000000000   -0.170000000000   13.890000000000
             395 Q     11.920000000000    0.410000000000   12.670000000000
             396 Q     11.800000000000    0.100000000000   13.440000000000
             397 Q      6.480000000000   16.470000000000   19.680000000000
             398 Q      7.820000000000   15.630000000000   20.050000000000
             399 Q      7.170000000000   15.950000000000   19.550000000000
             400 Q     18.540000000000   16.770000000000    8.350000000000
             401 Q     18.000000000000   15.500000000000    9.060000000000
             402 Q     18.090000000000   16.300000000000    8.940000000000
             403 Q      7.370000000000   16.530000000000    2.730000000000
             404 Q      7.680000000000   15.290000000000    3.560000000000
             405 Q      7.210000000000   15.770000000000    3.080000000000
             406 Q      2.550000000000   17.360000000000   11.640000000000
             407 Q      3.260000000000   16.600000000000   10.500000000000
             408 Q      2.820000000000   16.690000000000   11.170000000000
             409 Q      8.310000000000   14.330000000000    5.680000000000
             410 Q      7.970000000000   13.290000000000    4.620000000000
             411 Q      8.410000000000   13.920000000000    4.960000000000
             412 Q     14.570000000000   16.490000000000    4.420000000000
             413 Q     14.920000000000   15.970000000000    5.970000000000
             414 Q     15.020000000000   16.290000000000    5.130000000000
             415 Q     11.990000000000   17.730000000000    4.360000000000
             416 Q     12.000000000000   16.180000000000    4.720000000000
             417 Q     12.320000000000   16.960000000000    4.520000000000
             418 Q      3.710000000000    5.510000000000    9.010000000000
             419 Q      3.810000000000    4.100000000000    9.220000000000
             420 Q      4.160000000000    4.830000000000    9.080000000000
             421 Q      7.820000000000   18.170000000000   10.570000000000
             422 Q      8.140000000000   16.720000000000   11.120000000000
             423 Q      7.640000000000   17.390000000000   10.880000000000
             424 Q     19.340000000000    6.330000000000    9.260000000000
             425 Q     18.370000000000    6.480000000000    7.930000000000
             426 Q     19.100000000000    6.380000000000    8.410000000000
             427 Q      6.640000000000   19.470000000000    8.030000000000
             428 Q      8.090000000000   19.120000000000    8.520000000000
             429 Q      7.390000000000   19.040000000000    8.060000000000
             430 Q     12.600000000000   17.880000000000    7.770000000000
             431 Q     12.940000000000   17.500000000000    6.290000000000
             432 Q     12.870000000000   18.030000000000    6.970000000000
             433 Q     18.930000000000   10.440000000000    2.880000000000
             434 Q     20.190000000000    9.610000000000    3.040000000000
             435 Q     19.740000000000   10.270000000000    2.790000000000
             436 Q     12.250000000000   17.800000000000   11.490000000000
             437 Q     12.100000000000   19.320000000000   11.190000000000
             438 Q     11.890000000000   18.590000000000   11.540000000000
             439 Q     20.690000000000   13.590000000000    8.170000000000
             440 Q     19.520000000000   14.210000000000    7.700000000000
             441 Q     20.020000000000   14.000000000000    8.300000000000
             442 Q     11.980000000000    9.290000000000    0.490000000000
             443 Q     12.330000000000    8.230000000000    1.600000000000
             444 Q     12.180000000000    9.030000000000    1.270000000000
             445 Q     16.280000000000    3.800000000000    9.720000000000
             446 Q     16.610000000000    4.010000000000    8.260000000000
             447 Q     16.800000000000    4.030000000000    9.080000000000
             448 Q      6.990000000000    7.800000000000    5.660000000000
             449 Q      8.070000000000    8.190000000000    4.680000000000
             450 Q      7.280000000000    8.180000000000    5.000000000000
             451 Q     16.930000000000    8.310000000000   16.180000000000
             452 Q     15.680000000000    9.180000000000   16.540000000000
             453 Q     16.530000000000    8.950000000000   16.540000000000
             454 Q      0.590000000000    8.450000000000    7.210000000000
             455 Q      1.580000000000    7.380000000000    6.610000000000
             456 Q      1.320000000000    7.960000000000    7.190000000000
             457 Q     11.350000000000    2.660000000000   16.800000000000
             458 Q     10.410000000000    1.530000000000   17.410000000000
             459 Q     10.810000000000    2.290000000000   17.370000000000
             460 Q     15.260000000000   19.070000000000   11.950000000000
             461 Q     15.230000000000   17.870000000000   12.810000000000
             462 Q     15.000000000000   18.650000000000   12.600000000000
             463 Q     -0.260000000000   15.410000000000    9.230000000000
             464 Q      0.610000000000   16.160000000000    8.350000000000
             465 Q      0.460000000000   15.580000000000    8.920000000000
             466 Q      8.240000000000   14.000000000000   15.190000000000
             467 Q      8.420000000000   15.500000000000   15.490000000000
             468 Q      8.270000000000   14.850000000000   15.020000000000
             469 Q     14.230000000000   10.070000000000   15.180000000000
             470 Q     13.880000000000    8.590000000000   15.520000000000
             471 Q     14.050000000000    9.400000000000   15.690000000000
             472 Q      5.880000000000   17.170000000000    9.830000000000
             473 Q      4.970000000000   18.310000000000    9.350000000000
             474 Q      5.140000000000   17.530000000000    9.590000000000
             475 Q     15.750000000000   18.340000000000   16.170000000000
             476 Q     14.310000000000   19.030000000000   16.160000000000
             477 Q     14.910000000000   18.420000000000   16.300000000000
             478 Q     19.340000000000   16.410000000000   15.290000000000
             479 Q     18.110000000000   15.510000000000   15.450000000000
             480 Q     18.530000000000   16.210000000000   15.230000000000
             481 Q     10.180000000000    7.300000000000   14.770000000000
             482 Q     11.020000000000    8.580000000000   15.220000000000
             483 Q     10.810000000000    7.740000000000   15.140000000000
             484 Q      4.390000000000   14.220000000000    3.810000000000
             485 Q      5.560000000000   14.440000000000    2.920000000000
             486 Q      4.810000000000   14.120000000000    3.120000000000
             487 Q     16.310000000000    7.700000000000    4.130000000000
             488 Q     16.030000000000    8.910000000000    3.260000000000
             489 Q     16.450000000000    8.480000000000    3.830000000000
             490 Q      4.190000000000    9.250000000000    7.770000000000
             491 Q      2.670000000000    9.140000000000    7.410000000000
             492 Q      3.440000000000    9.520000000000    7.530000000000
             493 Q      7.770000000000   16.500000000000    6.900000000000
             494 Q      9.230000000000   16.350000000000    7.400000000000
             495 Q      8.550000000000   16.180000000000    6.930000000000
             496 Q     12.190000000000   13.500000000000   18.530000000000
             497 Q     11.450000000000   12.990000000000   19.840000000000
             498 Q     12.000000000000   12.980000000000   19.200000000000
             499 Q     15.170000000000    1.950000000000   10.910000000000
             500 Q     14.150000000000    3.040000000000   10.300000000000
             501 Q     14.920000000000    2.720000000000   10.590000000000
             502 Q      2.220000000000    8.200000000000   17.020000000000
             503 Q      1.930000000000    8.940000000000   15.760000000000
             504 Q      1.970000000000    8.270000000000   16.250000000000
             505 Q      5.110000000000   11.170000000000    8.400000000000
             506 Q      5.300000000000   12.070000000000    9.680000000000
             507 Q      5.080000000000   11.380000000000    9.250000000000
             508 Q     15.180000000000   12.280000000000   20.050000000000
             509 Q     14.050000000000   13.250000000000   19.810000000000
             510 Q     14.820000000000   13.050000000000   20.000000000000
             511 Q      9.380000000000   16.940000000000    5.110000000000
             512 Q      8.520000000000   18.100000000000    4.480000000000
             513 Q      9.200000000000   17.560000000000    4.590000000000
             514 Q     19.860000000000    8.580000000000    5.230000000000
             515 Q     18.490000000000    8.490000000000    4.470000000000
             516 Q     19.240000000000    8.190000000000    4.820000000000
             517 Q      6.560000000000   18.580000000000   15.390000000000
             518 Q      5.730000000000   18.100000000000   16.600000000000
             519 Q      6.360000000000   18.530000000000   16.220000000000
             520 Q     17.310000000000    5.440000000000   15.670000000000
             521 Q     18.550000000000    6.500000000000   15.860000000000
             522 Q     17.760000000000    6.190000000000   15.590000000000
             523 Q     20.570000000000    9.300000000000    9.250000000000
             524 Q     20.120000000000    8.100000000000    8.210000000000
             525 Q     20.530000000000    8.830000000000    8.510000000000
             526 Q     19.110000000000    4.090000000000   11.170000000000
             527 Q     18.190000000000    4.560000000000   10.100000000000
             528 Q     18.740000000000    4.690000000000   10.730000000000
             529 Q      9.800000000000   15.730000000000   21.210000000000
             530 Q      9.220000000000   14.230000000000   21.160000000000
             531 Q      9.160000000000   15.100000000000   21.160000000000
             532 Q      8.140000000000   11.800000000000   14.970000000000
             533 Q      9.600000000000   11.810000000000   15.660000000000
             534 Q      8.800000000000   12.090000000000   15.480000000000
             535 Q      3.730000000000   11.290000000000   13.100000000000
             536 Q      3.920000000000    9.780000000000   13.630000000000
             537 Q      4.070000000000   10.480000000000   13.150000000000
             538 Q      9.050000000000   20.480000000000   10.270000000000
             539 Q     10.030000000000   19.460000000000   10.640000000000
             540 Q      9.400000000000   19.730000000000   10.210000000000
             541 Q     10.430000000000   18.370000000000   13.010000000000
             542 Q      9.070000000000   18.030000000000   13.610000000000
             543 Q      9.790000000000   18.450000000000   13.570000000000
             544 Q     12.370000000000    4.320000000000    5.520000000000
             545 Q     11.280000000000    4.170000000000    6.460000000000
             546 Q     11.690000000000    4.580000000000    5.890000000000
             547 Q      6.740000000000   13.470000000000   17.550000000000
             548 Q      6.020000000000   14.560000000000   18.150000000000
             549 Q      6.060000000000   13.890000000000   17.720000000000
             550 Q      3.700000000000    7.660000000000   15.460000000000
             551 Q      5.210000000000    8.180000000000   15.160000000000
             552 Q      4.420000000000    7.870000000000   15.030000000000
             553 Q      7.130000000000    5.180000000000   10.970000000000
             554 Q      5.900000000000    4.750000000000   10.190000000000
             555 Q      6.620000000000    4.640000000000   10.600000000000
             556 Q     11.080000000000    2.290000000000   11.030000000000
             557 Q     10.140000000000    1.130000000000   10.700000000000
             558 Q     10.890000000000    1.460000000000   10.890000000000
             559 Q      6.730000000000   17.070000000000   13.640000000000
             560 Q      6.960000000000   18.110000000000   12.650000000000
             561 Q      6.940000000000   17.820000000000   13.440000000000
             562 Q      2.120000000000    7.450000000000    9.310000000000
             563 Q      3.270000000000    7.690000000000   10.240000000000
             564 Q      2.700000000000    7.220000000000    9.870000000000
             565 Q      8.100000000000    1.200000000000    8.040000000000
             566 Q      7.490000000000    2.590000000000    8.180000000000
             567 Q      7.890000000000    1.900000000000    8.460000000000
             568 Q     14.600000000000    1.910000000000    6.690000000000
             569 Q     13.610000000000    2.550000000000    7.650000000000
             570 Q     14.280000000000    2.550000000000    7.150000000000
             571 Q     16.230000000000    4.690000000000   12.670000000000
             572 Q     15.190000000000    3.630000000000   12.200000000000
             573 Q     15.590000000000    4.150000000000   12.780000000000
             574 Q     -0.310000000000   11.640000000000   16.790000000000
             575 Q     -0.490000000000   12.460000000000   15.520000000000
             576 Q     -0.070000000000   12.220000000000   16.240000000000
             577 Q      3.910000000000    6.640000000000   13.390000000000
             578 Q      3.490000000000    6.150000000000   12.000000000000
             579 Q      3.680000000000    6.060000000000   12.800000000000
             580 Q     14.700000000000    6.020000000000   18.620000000000
             581 Q     13.230000000000    5.910000000000   18.160000000000
             582 Q     13.980000000000    5.620000000000   18.410000000000
             583 Q     11.240000000000   10.380000000000    2.320000000000
             584 Q     10.940000000000   11.930000000000    2.650000000000
             585 Q     10.780000000000   11.060000000000    2.600000000000
             586 Q     13.990000000000   15.550000000000    1.700000000000
             587 Q     15.320000000000   14.790000000000    1.430000000000
             588 Q     14.500000000000   14.860000000000    1.660000000000
             589 Q     20.170000000000   11.110000000000   10.850000000000
             590 Q     19.900000000000    9.790000000000   11.720000000000
             591 Q     20.230000000000   10.290000000000   11.060000000000
             592 Q     16.960000000000   16.400000000000   13.860000000000
             593 Q     15.540000000000   16.020000000000   14.050000000000
             594 Q     16.180000000000   16.340000000000   13.610000000000
             595 Q      7.990000000000    7.040000000000    2.030000000000
             596 Q      9.120000000000    8.070000000000    2.440000000000
             597 Q      8.780000000000    7.400000000000    2.050000000000
             598 Q     14.540000000000    6.050000000000    2.620000000000
             599 Q     15.010000000000    5.990000000000    4.110000000000
             600 Q     15.090000000000    6.050000000000    3.270000000000
             601 Q     20.240000000000   13.400000000000   13.570000000000
             602 Q     19.400000000000   12.240000000000   14.340000000000
             603 Q     20.090000000000   12.710000000000   14.100000000000
